variant_id,stop_id
704332,1249
704332,27
704333,26
704333,3133
705028,1249
705028,27
705029,26
705029,3133
705090,3276
705091,3332
705100,3276
705110,3332
705110,3367
705111,3332
705119,638
705119,705
705120,706
705120,639
705121,706
705121,639
705128,638
705128,705
705129,706
705129,639
711716,2274
711716,3415
711716,2828
711716,1819
711716,2028
711716,884
711716,212
711717,1142
711717,228
711717,1176
711717,1248
711717,711
711717,2305
711718,3797
711718,255
711719,256
711719,3806
711720,2274
711720,3415
711720,2828
711720,613
711721,1142
711721,228
711721,1176
711721,613
711722,1142
711722,228
711723,1142
711724,1248
711724,711
711724,2305
711725,884
711725,212
712398,3797
712398,255
712399,256
712399,3806
712400,2274
712400,3415
712400,2828
712400,1819
712400,2028
712400,884
712400,212
712401,1142
712401,228
712401,1176
712401,1248
712401,711
712401,2305
712402,2274
712402,3415
712402,2828
712402,613
712404,1142
712404,228
712406,1248
712406,711
712406,2305
712407,884
712407,212
715169,637
715169,668
715169,1074
715170,3811
715170,667
715170,3798
715170,636
715171,637
715171,668
715173,667
715173,3798
715173,636
715849,637
715849,668
715849,1074
715850,3811
715850,667
715850,3798
715850,636
715853,667
715853,3798
715853,636
717907,638
717907,3124
717908,3123
717908,636
717909,638
717909,3124
717909,3431
717910,695
717910,3123
717910,636
717911,638
717911,3124
717911,3431
717912,695
717912,3123
717912,636
717913,638
717913,3124
717914,3123
717914,636
717915,638
717915,3124
717915,3431
717916,695
717916,3123
717916,636
717917,638
717917,3124
717917,3431
717918,695
717918,3123
717918,636
718047,3518
718047,3894
718047,472
718047,3269
718047,3276
718047,3316
718048,3308
718048,26
718049,27
718049,3287
718049,3300
718050,3305
718050,3269
718050,471
718050,3514
718051,515
718051,518
718051,27
718051,3287
718051,3313
718052,3280
718052,3308
718052,26
718053,3518
718053,3894
718053,472
718053,3269
718053,3304
718053,3276
718054,3305
718054,3274
718054,3269
718054,471
718054,3514
718055,3518
718055,3894
718055,472
718055,3269
718055,3276
718055,3341
718055,3316
718056,3518
718056,3894
718056,472
718056,3302
718056,3332
718058,515
718058,518
718058,27
718058,3287
718058,3313
718058,3300
718059,3300
718059,3280
718059,3308
718059,26
718060,515
718060,518
718060,27
718060,3287
718060,3313
718060,3300
718061,3322
718061,3280
718061,3308
718061,26
718062,3322
718062,3367
718062,3300
718062,3280
718062,3308
718062,26
718063,515
718063,518
718063,27
718063,3287
718063,3313
718065,3300
718065,3280
718065,3308
718065,26
718069,3518
718069,3894
718069,472
718069,3269
718069,3304
718069,3276
718071,3518
718071,3894
718071,472
718071,3349
718072,471
718073,3270
718073,3305
718073,3274
718073,3269
718073,471
718073,3514
718074,3518
718074,3894
718074,472
718074,3269
718074,3276
718074,3316
718075,3308
718075,26
718076,27
718076,3287
718076,3300
718077,3305
718077,3269
718077,471
718077,3514
718078,515
718078,518
718078,27
718078,3287
718078,3313
718079,3280
718079,3308
718079,26
718080,3518
718080,3894
718080,472
718080,3269
718080,3304
718080,3276
718081,3305
718081,3274
718081,3269
718081,471
718081,3514
718083,3518
718083,3894
718083,472
718083,3302
718083,3332
718084,3518
718084,3894
718084,472
718084,3349
718084,3276
718084,3316
718094,3518
718094,3894
718094,472
718094,3349
718094,3304
718094,3276
718097,3518
718097,3894
718097,472
718098,3518
718098,3894
718098,472
718098,3349
718099,471
718426,242
718426,884
718426,217
718426,115
718426,91
718427,94
718427,1125
718427,3762
718427,216
718427,226
718428,884
718428,217
718428,2479
718428,115
718429,114
718429,788
718429,216
718429,226
718430,242
718430,212
718430,115
718430,1025
718431,1125
718431,114
718431,211
718432,3526
718432,3797
718432,255
718433,256
718433,3806
718434,16
718434,3547
718434,256
718434,1151
718434,494
718434,3518
718434,3102
718434,509
718434,546
718434,613
718434,3895
718434,637
718435,3811
718435,639
718435,3896
718435,1819
718435,1330
718435,508
718435,3102
718435,3514
718435,1154
718435,255
718435,1759
718435,15
718436,2816
718436,952
718436,1782
718436,1313
718436,1742
718436,3517
718437,1125
718437,788
718437,216
718437,226
718437,240
718437,1330
718437,508
718437,3107
718437,3892
718437,1249
718437,3134
718438,469
718438,3132
718438,3906
718438,3104
718438,547
718438,242
718438,884
718438,217
718438,2479
718439,1239
718439,281
718439,403
718439,3924
718440,3405
718440,3404
718440,3924
718440,2855
718441,2028
718441,884
718441,215
718442,214
718442,228
718442,1176
718443,1230
718443,3415
718443,2828
718443,1819
718443,1330
718443,508
718443,3107
718443,3514
718443,2816
718443,1154
718443,281
718444,1151
718444,494
718444,2815
718444,3518
718444,3102
718444,509
718444,841
718444,1248
718444,711
718445,3412
718445,1306
718445,2863
718445,3900
718445,2527
718446,2528
718446,3901
718446,2855
718446,1174
718446,3416
718446,116
718447,216
718447,226
718447,240
718447,305
718447,3900
718448,3901
718448,304
718448,242
718448,884
718448,217
718449,3891
718449,3138
718449,3924
718449,3406
718449,3405
718449,3404
718449,3403
718450,3405
718450,3404
718450,3403
718450,3924
718450,864
718450,3890
718451,242
718451,884
718451,217
718451,212
718451,3547
718451,2884
718452,251
718452,1759
718452,1142
718452,216
718452,226
718452,240
718453,3526
718453,546
718453,1178
718453,1248
718453,711
718454,3415
718454,2828
718454,1819
718454,617
718454,1330
718454,3517
718455,1901
718455,604
718455,711
718456,3415
718456,2828
718456,603
718456,1900
718457,3797
718457,255
718458,256
718458,3806
718459,1215
718459,481
718459,3104
718459,509
718459,3805
718459,255
718459,3874
718459,3801
718460,3802
718460,3879
718460,256
718460,3806
718460,508
718460,3103
718460,480
718460,2035
718461,1160
718461,651
718461,656
718461,508
718461,3106
718461,3514
718461,3901
718462,3890
718462,3518
718462,3106
718462,509
718462,2816
718462,1175
718462,650
718462,665
718463,2880
718463,553
718463,1740
718463,1330
718463,508
718463,3105
718463,3514
718463,242
718463,212
718463,129
718463,1251
718464,3008
718464,891
718464,1138
718464,211
718464,240
718464,3105
718464,509
718464,546
718464,1743
718464,554
718465,803
718465,553
718465,1740
718465,1330
718465,508
718465,3103
718465,480
718465,2527
718466,2528
718466,481
718466,3103
718466,509
718466,546
718466,1743
718466,554
718467,115
718467,1139
718467,981
718467,799
718467,1025
718468,91
718468,798
718468,994
718469,637
718469,656
718469,242
718469,255
718470,256
718470,240
718470,1175
718470,1318
718470,636
718471,3895
718471,637
718471,668
718471,2172
718472,2173
718472,667
718472,3798
718472,639
718472,3896
718473,3412
718473,3547
718473,256
718473,1151
718473,305
718473,3891
718474,3890
718474,304
718474,2855
718474,255
718474,1759
718474,3416
718475,255
718475,271
718475,281
718475,378
718476,2342
718476,2861
718476,1149
718476,256
718477,1901
718477,604
718477,711
718477,2305
718478,2274
718478,3415
718478,2828
718478,603
718478,1900
718479,378
718479,864
718479,2816
718479,546
718479,1741
718479,711
718479,2305
718480,2274
718480,3415
718480,2828
718480,1740
718480,2815
718480,3891
718480,396
718480,2342
718481,636
718481,818
718481,242
718481,255
718481,271
718482,1149
718482,256
718482,240
718482,1782
718482,639
718483,891
718483,1138
718483,3412
718483,211
718483,240
718483,3518
718483,3104
718483,509
718483,546
718483,27
718484,26
718484,1330
718484,508
718484,3104
718484,3514
718484,242
718484,212
718484,3416
718484,1251
718485,378
718485,3890
718485,480
718485,3134
718486,3134
718486,463
718486,481
718486,3891
718486,2341
718487,637
718487,656
718487,1330
718487,3517
718487,480
718488,481
718488,3526
718488,547
718488,1175
718488,638
718489,3105
718489,509
718489,841
718489,804
718489,576
718489,567
718490,575
718490,977
718490,1330
718490,3105
718491,576
718491,567
718492,582
718492,568
718492,2949
718492,575
718492,1740
718493,55
718493,2274
718493,2304
718493,3415
718493,2828
718493,3239
718493,1740
718493,1330
718493,2954
718493,508
718493,3102
718493,3514
718493,2861
718493,1149
718493,251
718494,2884
718494,271
718494,2863
718494,3518
718494,3102
718494,509
718494,2953
718494,546
718494,1741
718494,3240
718494,711
718494,2273
718494,2305
718495,3805
718495,255
718495,261
718495,179
718495,3222
718496,3221
718496,180
718496,262
718496,256
718496,3806
718497,977
718497,1312
718497,818
718497,241
718498,255
718498,261
718498,179
718498,3800
718499,3799
718499,3802
718499,180
718499,262
718499,256
718500,1901
718500,613
718500,3896
718501,3899
718501,1892
718501,603
718501,1900
718502,1901
718502,604
718502,711
718503,3884
718503,3415
718503,2828
718503,603
718503,1900
718504,3899
718504,637
718504,666
718504,212
718504,255
718504,271
718504,2863
718505,284
718505,2861
718505,1149
718505,256
718505,1142
718505,824
718505,639
718505,3896
718506,2863
718506,316
718506,2816
718506,1178
718506,613
718506,3895
718507,3899
718507,1819
718507,617
718507,2815
718507,317
718507,281
718508,636
718508,818
718508,508
718508,3106
718508,3514
718508,396
718509,864
718509,3890
718509,3518
718509,3106
718509,509
718509,2816
718509,1782
718509,638
718510,636
718510,818
718510,508
718510,3106
718510,3514
718510,1000
718510,2342
718511,864
718511,3890
718511,3518
718511,3106
718511,509
718511,2816
718511,1782
718511,638
718512,3518
718512,1218
718512,1219
718512,472
718513,475
718513,471
718513,463
718513,3514
718514,666
718514,212
718514,255
718514,271
718514,281
718515,2861
718515,1149
718515,256
718515,1142
718515,824
718516,636
718516,818
718516,241
718516,494
718516,3900
718517,3901
718517,952
718517,1782
718517,638
718518,26
718518,445
718518,3906
718518,319
718518,2855
718518,255
718519,256
718519,1151
718519,318
718519,3892
718519,27
718520,26
718520,3133
718520,3906
718520,319
718520,2855
718520,255
718521,256
718521,1151
718521,318
718521,3892
718521,1249
718521,27
718522,647
718522,639
718522,3896
718522,1248
718522,711
718522,2305
718523,51
718523,2274
718523,3415
718523,2828
718523,613
718523,3895
718523,638
718523,700
718524,665
718525,1160
718526,1160
718526,3798
718526,639
718526,3896
718526,1892
718526,568
718527,567
718527,1189
718527,613
718527,3895
718527,637
718527,644
718527,1329
718527,665
718528,255
718528,261
718528,179
718528,3800
718529,3799
718529,3802
718529,180
718529,256
718531,18
718531,896
718531,1215
718531,481
718532,480
718532,2035
718532,350
718533,3807
718533,349
718533,1215
718533,481
718535,896
718535,348
718535,1215
718535,481
718536,637
718536,666
718536,212
718536,195
718536,179
718537,180
718537,1142
718537,824
718537,638
718538,481
718538,3526
718538,1743
718538,554
718539,553
718539,1742
718539,480
718540,3134
718540,3132
718540,3514
718540,317
718540,281
718540,3934
718541,3933
718541,2863
718541,316
718541,3518
718541,3892
718541,1249
718541,3134
718542,2863
718542,316
718542,3518
718542,1249
718542,3134
718543,3134
718543,3132
718543,3514
718543,317
718543,281
718543,1906
718544,518
718544,436
718544,3134
718545,469
718545,2905
718545,435
718545,1011
718546,1289
718546,2029
718546,637
718546,668
718546,2172
718546,675
718547,674
718547,3811
718547,667
718547,642
718547,636
718547,1176
718548,526
718548,538
718549,539
718549,527
718550,553
718550,1742
718550,3517
718550,480
718551,481
718551,3526
718551,1743
718551,554
718552,3421
718552,2275
718553,2276
718553,3415
718553,2771
718554,2506
718554,3422
718554,2013
718554,761
718555,760
718555,1230
718555,2711
718555,3419
718555,735
718555,2935
718555,2646
718558,94
718558,1125
718558,3762
718558,216
718558,226
718558,240
718559,94
718559,1125
718559,3762
718559,216
718559,226
718560,799
718560,94
718560,1125
718560,3762
718560,216
718560,226
718563,94
718563,1125
718563,3762
718564,242
718564,884
718564,217
718564,115
718564,91
718564,3136
718566,242
718566,884
718566,217
718566,115
718566,91
718567,242
718567,884
718567,217
718567,115
718567,91
718567,3136
718568,115
718568,91
718569,115
718569,91
718569,3136
718570,94
718570,1125
718570,3762
718571,242
718571,884
718571,217
718571,2479
718571,115
718574,114
718574,788
718574,216
718574,226
718575,114
718575,788
718575,216
718575,226
718575,952
718575,1782
718577,818
718577,242
718577,884
718577,217
718577,2479
718577,115
718578,2479
718578,115
718579,1125
718579,114
718579,211
718579,240
718580,1125
718580,114
718581,242
718581,212
718581,115
718581,1025
718582,115
718582,1025
718585,3514
718585,2816
718585,3797
718585,255
718586,256
718590,639
718590,3896
718590,1819
718590,1330
718590,508
718591,3514
718591,1154
718591,255
718591,1759
718591,15
718592,16
718592,3547
718592,256
718592,1151
718592,494
718592,3518
718592,3102
718593,16
718593,3547
718593,256
718593,1151
718593,494
718593,3518
718594,3899
718594,1819
718594,1330
718594,508
718594,3102
718594,3514
718594,1154
718594,255
718594,1759
718594,15
718595,16
718595,3547
718595,256
718595,1151
718595,494
718595,3518
718595,3102
718595,509
718595,546
718595,613
718595,3895
718597,509
718597,546
718597,613
718597,3895
718597,637
718597,3833
718599,509
718599,546
718599,613
718599,3895
718599,637
718600,546
718600,613
718600,3895
718600,637
718601,546
718601,613
718601,3895
718601,637
718602,546
718602,613
718602,3895
718602,637
718603,3833
718603,3811
718603,638
718604,3811
718604,638
718607,1313
718607,1742
718607,3517
718607,3573
718608,2816
718608,952
718608,1782
718609,3892
718609,1249
718609,3134
718610,1125
718610,788
718610,216
718610,226
718610,240
718610,1330
718610,3107
718610,3892
718610,1249
718610,3134
718611,1249
718611,3134
718612,788
718612,216
718612,226
718612,240
718612,1330
718612,3107
718613,788
718613,2554
718614,1125
718614,788
718614,216
718614,226
718614,240
718614,1330
718617,216
718617,226
718617,240
718617,1330
718619,469
718619,3132
718619,3906
718619,3104
718619,547
718619,242
718619,884
718619,217
718620,3906
718620,3104
718620,547
718620,242
718620,884
718620,217
718620,2479
718621,3134
718621,3132
718621,3906
718621,509
718621,547
718621,1175
718623,3134
718623,3132
718623,3906
718623,3104
718623,547
718623,242
718623,884
718623,217
718623,2479
718624,3906
718624,3104
718624,547
718624,242
718624,884
718624,217
718624,788
718626,547
718626,242
718626,884
718626,217
718626,788
718627,788
718627,2554
718630,281
718630,403
718630,3406
718633,3405
718633,3404
718633,3924
718633,2855
718634,3405
718634,3404
718634,3924
718634,2855
718636,2028
718636,884
718636,215
718637,214
718637,228
718637,1176
718638,214
718638,228
718638,1176
718641,1230
718641,3415
718641,2828
718641,1819
718641,1330
718641,508
718641,3107
718641,3514
718641,2816
718641,1154
718641,281
718646,1230
718646,3415
718646,2828
718646,1819
718646,1330
718646,508
718647,2855
718647,205
718649,1230
718649,3415
718649,2828
718649,613
718649,637
718650,1248
718650,711
718651,509
718651,841
718651,1248
718651,711
718652,3412
718652,1306
718652,2863
718652,3900
718652,2527
718653,3901
718653,2855
718653,1174
718653,3416
718653,116
718654,3131
718655,1306
718655,2863
718655,3900
718655,2527
718657,2528
718657,3901
718657,2855
718658,2528
718658,3901
718658,2855
718658,1174
718660,2528
718660,3901
718662,3901
718662,304
718662,242
718662,884
718662,217
718663,304
718663,242
718663,884
718663,217
718666,216
718666,226
718666,240
718666,305
718666,3900
718668,3901
718668,304
718668,242
718668,884
718668,217
718672,3891
718672,3138
718672,3924
718672,3406
718673,3891
718673,3138
718673,3924
718673,3406
718675,3405
718675,3404
718675,3403
718675,3924
718675,864
718676,3405
718676,3404
718676,3403
718676,3924
718676,864
718676,3890
718678,3405
718678,3404
718678,3403
718678,3924
718678,864
718678,3890
718679,242
718679,884
718679,217
718679,212
718679,3547
718679,2884
718680,251
718680,1759
718680,1142
718680,216
718680,226
718680,240
718681,251
718681,1759
718681,1142
718681,216
718681,226
718681,240
718683,818
718683,241
718685,212
718685,3547
718685,2884
718686,251
718686,1759
718686,1142
718688,978
718688,952
718689,3526
718689,546
718689,1178
718689,1248
718689,711
718690,3415
718690,2828
718690,1819
718690,617
718690,1330
718690,3517
718692,1819
718692,617
718692,1330
718692,3517
718693,1819
718693,617
718693,1330
718694,1248
718694,711
718695,3415
718695,2828
718695,613
718698,1901
718698,604
718698,711
718699,1901
718699,604
718699,711
718700,1901
718700,604
718700,711
718701,1248
718701,711
718703,711
718704,3415
718704,2828
718704,613
718705,1901
718705,602
718706,603
718706,1900
718707,256
718707,3806
718708,256
718708,3806
718709,256
718710,613
718711,255
718713,1215
718715,3802
718715,3879
718715,256
718715,3806
718715,508
718715,3103
718715,480
718715,2035
718717,3802
718717,3879
718717,256
718717,3806
718717,508
718719,480
718719,2035
718722,256
718722,3806
718722,508
718724,256
718724,3806
718724,508
718725,509
718725,3805
718725,255
718726,1215
718726,481
718727,1215
718727,481
718728,3901
718728,315
718728,952
718728,1782
718729,1160
718729,651
718729,656
718729,508
718729,3106
718729,3514
718729,3901
718730,1160
718730,651
718730,656
718730,508
718730,3106
718730,3514
718730,3901
718731,3890
718731,3518
718731,3106
718731,509
718731,2816
718731,1175
718731,650
718731,665
718736,1160
718736,651
718737,3890
718737,3518
718739,2880
718739,553
718739,1740
718739,1330
718739,508
718742,509
718743,3008
718743,891
718743,1138
718743,211
718743,240
718743,3518
718744,2880
718744,553
718744,804
718744,637
718745,553
718745,1740
718745,1330
718745,508
718745,3103
718745,480
718748,803
718748,553
718748,1740
718748,1330
718748,508
718749,509
718749,547
718751,2528
718751,481
718751,3103
718751,509
718751,546
718751,1743
718751,554
718752,2528
718752,481
718752,509
718752,547
718754,115
718754,1139
718754,981
718755,994
718757,115
718757,1139
718757,981
718757,799
718757,1025
718759,91
718759,798
718759,994
718760,994
718761,115
718761,1139
718761,981
718761,799
718761,1025
718762,637
718762,656
718762,242
718762,255
718763,637
718764,636
718765,656
718765,242
718765,255
718766,256
718766,240
718766,1175
718766,1165
718768,2173
718768,667
718768,3798
718769,3895
718769,637
718770,2173
718773,2172
718777,3890
718777,304
718777,2855
718777,255
718777,1759
718777,3416
718779,1151
718779,305
718779,3891
718781,3412
718781,3547
718781,256
718781,1151
718781,305
718781,3891
718785,1151
718785,305
718785,3891
718786,3890
718786,304
718786,2855
718787,3890
718787,304
718791,255
718791,271
718791,281
718791,378
718791,1153
718792,1153
718792,2342
718792,2861
718792,1149
718792,256
718794,2342
718794,2861
718794,1149
718794,256
718795,2342
718795,2861
718795,1149
718795,256
718796,2342
718797,1153
718797,2342
718797,2861
718797,1149
718797,256
718798,255
718798,271
718798,281
718798,378
718799,255
718799,271
718799,281
718804,2342
718805,255
718805,3879
718806,255
718806,271
718806,281
718806,378
718806,1153
718808,378
718809,2342
718809,2861
718809,1149
718809,1865
718810,1901
718810,604
718810,711
718810,2305
718811,1901
718812,711
718812,2305
718814,603
718814,1900
718815,2274
718815,3415
718815,2828
718816,378
718817,2274
718817,3415
718817,2828
718817,1740
718817,2815
718817,3891
718817,396
718817,2342
718818,2274
718818,3415
718818,2828
718818,1740
718818,2815
718819,2274
718819,3415
718819,2828
718819,1740
718819,2815
718820,378
718820,864
718820,2816
718820,546
718820,1741
718820,711
718820,2305
718821,2815
718821,3891
718821,396
718821,2342
718822,1740
718822,2815
718822,3891
718822,396
718822,2342
718823,2274
718823,3415
718823,2828
718825,378
718825,864
718825,2816
718827,711
718827,2305
718830,639
718831,636
718831,818
718831,242
718831,255
718831,271
718833,1149
718833,256
718833,240
718833,1782
718835,891
718835,1138
718835,3412
718835,211
718835,240
718835,3518
718836,509
718836,546
718836,27
718837,1138
718837,3412
718837,211
718837,240
718838,3514
718838,242
718838,212
718838,3416
718838,1251
718839,26
718839,1330
718839,508
718839,3104
718839,3514
718839,242
718839,212
718839,3416
718841,26
718841,1330
718841,508
718842,26
718842,1330
718842,545
718842,543
718842,1175
718843,378
718843,3890
718843,480
718843,3134
718844,3134
718844,463
718844,481
718844,3891
718844,2341
718846,2341
718847,3134
718847,463
718847,481
718847,3891
718847,2341
718848,2341
718849,378
718849,3890
718849,480
718849,3134
718850,3134
718851,3134
718852,481
718852,3891
718852,2341
718853,3134
718854,3134
718856,378
718856,3890
718856,480
718856,3894
718858,481
718858,3526
718858,547
718858,1175
718858,638
718859,481
718859,3526
718859,547
718859,1175
718859,638
718860,637
718861,638
718862,656
718862,1330
718862,3517
718862,480
718863,481
718863,3526
718863,547
718863,1175
718864,656
718864,1330
718864,3517
718864,480
718869,3105
718869,509
718869,547
718871,582
718871,568
718871,2949
718871,575
718871,1740
718871,874
718871,613
718872,576
718872,567
718873,582
718873,568
718873,2949
718874,576
718874,1034
718874,1701
718874,567
718875,576
718875,1034
718875,1701
718875,567
718876,576
718876,595
718876,567
718877,576
718877,595
718877,567
718878,582
718878,568
718878,596
718878,575
718878,1740
718879,582
718879,568
718879,2949
718879,1034
718879,1701
718879,575
718879,1740
718880,1819
718880,1743
718883,55
718883,2796
718883,2274
718883,2304
718883,3415
718883,2828
718883,3239
718883,1740
718883,1330
718883,2954
718883,508
718884,55
718884,2796
718884,2274
718884,2304
718884,3415
718884,2828
718884,3239
718884,1740
718884,1330
718884,2954
718884,508
718887,2273
718887,2305
718888,1149
718888,251
718889,55
718889,2796
718889,2274
718889,2304
718889,3415
718889,2828
718889,3239
718889,1740
718889,1330
718889,2954
718889,508
718889,3102
718889,3514
718889,2861
718889,1149
718889,251
718890,55
718890,2274
718890,2304
718890,3415
718890,2828
718891,2274
718891,2304
718891,3415
718891,2828
718891,637
718893,2884
718893,271
718893,2863
718893,3518
718893,3102
718893,509
718893,2953
718893,546
718893,1741
718893,711
718893,2273
718893,2305
718893,2796
718894,2861
718894,1906
718894,1149
718894,251
718895,3514
718895,2855
718896,509
718896,2953
718896,546
718896,1741
718897,1759
718897,116
718899,1759
718899,1142
718900,3574
718901,255
718901,261
718901,179
718901,3222
718903,3221
718903,180
718903,262
718903,256
718904,3221
718904,180
718904,262
718904,256
718904,3806
718904,901
718906,1312
718906,818
718906,241
718907,977
718907,1312
718907,1871
718907,1782
718910,255
718910,261
718910,179
718910,3800
718911,255
718911,261
718911,2492
718911,3800
718913,3799
718913,3802
718913,2869
718913,262
718913,256
718915,3799
718915,3802
718915,180
718915,262
718915,256
718917,1901
718917,613
718919,1901
718919,613
718919,3896
718920,1901
718921,1901
718922,3899
718922,1892
718922,603
718922,1900
718924,3899
718924,1892
718924,603
718924,1900
718925,3899
718925,1892
718925,603
718925,1900
718926,3899
718926,1892
718926,603
718926,1900
718927,3899
718927,1892
718927,603
718927,1900
718928,3899
718928,1892
718928,603
718928,1900
718929,3899
718929,1892
718929,603
718929,1900
718930,3899
718930,1892
718930,603
718930,1900
718931,1892
718931,603
718931,1900
718933,1892
718933,603
718933,1900
718934,3896
718935,3896
718935,3144
718936,3899
718937,3899
718940,3884
718940,3415
718940,2828
718942,711
718944,1901
718944,602
718947,3899
718947,637
718947,666
718947,212
718947,255
718947,271
718947,1906
718948,256
718948,1142
718948,824
718948,639
718949,1149
718949,256
718949,1142
718949,824
718949,639
718949,3896
718950,284
718950,2861
718950,1149
718950,256
718950,205
718950,1142
718950,824
718952,666
718952,212
718952,255
718952,271
718952,2863
718955,639
718955,3896
718956,3899
718956,637
718957,3899
718958,637
718960,3896
718960,1819
718960,617
718960,2815
718960,317
718960,281
718961,3896
718962,316
718962,2816
718962,1178
718962,613
718962,3895
718964,2863
718964,316
718964,2816
718964,1178
718964,613
718964,3895
718965,3899
718967,2863
718967,316
718967,2816
718967,1178
718967,613
718967,3895
718969,636
718969,818
718969,508
718969,3106
718969,3514
718971,3514
718971,396
718972,509
718972,2816
718972,1782
718972,638
718973,3901
718974,864
718974,3890
718974,3518
718974,3106
718974,509
718974,2816
718974,1782
718974,638
718976,271
718976,281
718977,864
718977,3890
718977,3518
718977,3106
718978,864
718978,3890
718978,3518
718978,3106
718978,509
718978,2816
718978,1782
718978,638
718980,1219
718980,472
718981,3518
718981,1218
718981,1219
718981,472
718981,3294
718982,3295
718982,475
718982,471
718982,463
718982,3514
718983,475
718983,471
718983,463
718983,2528
718984,656
718984,3518
718984,1218
718984,1219
718984,472
718985,656
718985,3518
718985,1218
718985,1219
718985,472
718985,3294
718986,475
718986,471
718986,463
718986,3514
718986,1175
718987,475
718987,471
718987,463
718990,2861
718990,1149
718990,256
718990,1142
718990,824
718995,666
718995,212
718995,255
718995,271
718995,281
719000,2861
719000,1149
719000,256
719000,1142
719000,824
719000,879
719009,3901
719009,952
719009,1782
719009,638
719010,638
719012,636
719012,818
719012,241
719012,494
719012,3900
719013,3901
719013,952
719013,1782
719013,638
719013,879
719014,637
719018,1151
719018,318
719018,3892
719018,27
719020,256
719021,26
719021,445
719021,3906
719021,319
719021,2855
719021,255
719022,26
719022,445
719022,3906
719022,319
719023,26
719023,445
719023,3906
719023,319
719024,26
719024,445
719024,3906
719024,319
719025,255
719026,1151
719026,318
719026,3892
719026,1249
719026,27
719027,256
719028,26
719028,3133
719028,3906
719028,319
719028,2855
719028,255
719029,26
719029,3133
719029,3906
719029,319
719030,255
719031,51
719031,2274
719031,3415
719031,2828
719031,613
719031,3895
719031,638
719033,647
719033,637
719034,639
719034,3896
719034,1248
719034,711
719034,2305
719035,2305
719036,638
719036,700
719037,1160
719039,665
719040,1160
719040,639
719040,3896
719040,1892
719040,568
719041,1160
719041,3798
719041,639
719041,3896
719041,1892
719041,567
719042,568
719042,1189
719042,613
719042,3895
719042,637
719042,644
719042,1329
719042,665
719043,1160
719043,3798
719043,639
719043,3896
719043,1892
719043,568
719043,1034
719043,1701
719044,1160
719044,3798
719044,639
719044,3896
719044,1892
719044,1034
719044,1701
719044,567
719045,3798
719045,639
719045,3896
719045,1892
719045,1034
719045,1701
719045,567
719046,1160
719046,3798
719046,639
719046,3896
719046,1892
719046,2117
719046,568
719048,1160
719048,3798
719048,639
719048,3896
719048,1892
719048,2117
719048,567
719049,1034
719049,1701
719049,567
719049,1189
719049,613
719049,3895
719049,637
719049,644
719049,1329
719049,665
719050,568
719050,2117
719050,613
719050,3895
719050,637
719050,644
719050,1329
719050,665
719051,568
719051,1034
719051,1701
719051,2117
719051,613
719051,3895
719051,637
719051,644
719051,1329
719051,665
719052,567
719052,2117
719052,613
719052,3895
719052,637
719052,644
719052,1329
719052,665
719053,568
719054,567
719054,2117
719055,568
719055,613
719055,3895
719055,637
719055,644
719056,567
719056,613
719056,3895
719056,637
719056,644
719057,1160
719058,3798
719058,639
719058,3896
719058,1892
719058,567
719059,1329
719059,665
719062,255
719062,261
719062,179
719062,3800
719063,3799
719063,3802
719063,180
719064,3799
719064,3802
719064,180
719064,256
719065,656
719065,241
719067,480
719067,347
719067,2666
719067,897
719067,18
719067,864
719068,480
719068,347
719068,2666
719068,897
719068,18
719068,2010
719069,480
719069,347
719069,2666
719069,897
719069,18
719070,480
719070,2035
719070,350
719071,480
719071,2035
719071,350
719071,2010
719072,480
719072,2035
719072,350
719072,2010
719073,480
719073,2035
719073,350
719075,480
719075,347
719075,2666
719075,897
719076,480
719076,347
719076,2666
719076,897
719077,480
719077,347
719077,2666
719077,897
719077,864
719078,638
719079,637
719079,666
719079,212
719079,195
719079,179
719080,180
719080,1142
719080,824
719080,638
719081,637
719083,3517
719083,480
719084,480
719085,481
719085,3526
719086,3134
719086,3132
719086,3514
719086,317
719086,281
719088,3518
719088,3892
719088,1249
719088,3134
719090,469
719090,3132
719090,3514
719090,317
719090,281
719090,3934
719093,3134
719093,3132
719093,3514
719093,317
719093,281
719093,1906
719093,3934
719094,316
719094,3518
719094,1249
719094,3134
719096,1289
719096,2029
719096,637
719096,668
719097,674
719097,3811
719098,667
719098,642
719098,636
719098,1176
719099,2172
719099,675
719100,526
719100,529
719100,538
719101,526
719101,538
719101,3272
719102,526
719102,529
719102,538
719102,3272
719103,526
719103,538
719104,539
719104,527
719105,3272
719105,539
719105,527
719106,539
719106,528
719106,527
719108,481
719108,3526
719109,2275
719110,2276
719110,3415
719114,2506
719114,3422
719114,2013
719116,242
719116,884
719116,217
719116,115
719116,91
719117,94
719117,1125
719117,3762
719117,216
719117,226
719118,884
719118,217
719118,2479
719118,115
719119,114
719119,788
719119,216
719119,226
719120,242
719120,212
719120,115
719120,1025
719121,1125
719121,114
719121,211
719122,3526
719122,3797
719122,255
719123,256
719123,3806
719124,16
719124,3547
719124,256
719124,1151
719124,494
719124,3518
719124,3102
719124,509
719124,546
719124,613
719124,3895
719124,637
719125,3811
719125,639
719125,3896
719125,1819
719125,1330
719125,508
719125,3102
719125,3514
719125,1154
719125,255
719125,1759
719125,15
719126,2816
719126,952
719126,1782
719126,1313
719126,1742
719126,3517
719127,1125
719127,788
719127,216
719127,226
719127,240
719127,1330
719127,508
719127,3107
719127,3892
719127,1249
719127,3134
719128,469
719128,3132
719128,3906
719128,3104
719128,547
719128,242
719128,884
719128,217
719128,2479
719129,2028
719129,884
719129,215
719130,214
719130,228
719130,1176
719131,1230
719131,3415
719131,2828
719131,1819
719131,1330
719131,508
719131,3107
719131,3514
719131,2816
719131,1154
719131,281
719132,1151
719132,494
719132,2815
719132,3518
719132,3102
719132,509
719132,841
719132,1248
719132,711
719133,3412
719133,1306
719133,2863
719133,3900
719133,2527
719134,2528
719134,3901
719134,2855
719134,1174
719134,3416
719134,116
719135,216
719135,226
719135,240
719135,305
719135,3900
719136,3901
719136,304
719136,242
719136,884
719136,217
719137,3891
719137,3138
719137,3924
719137,3406
719137,3405
719137,3404
719137,3403
719139,242
719139,884
719139,217
719139,212
719139,3547
719139,2884
719140,251
719140,1759
719140,1142
719140,216
719140,226
719140,240
719141,3526
719141,546
719141,1178
719141,1248
719141,711
719142,3415
719142,2828
719142,1819
719142,617
719142,1330
719142,3517
719143,1901
719143,604
719143,711
719144,3415
719144,2828
719144,603
719144,1900
719145,3797
719145,255
719146,256
719146,3806
719147,1215
719147,481
719147,3104
719147,509
719147,3805
719147,255
719147,3874
719147,3801
719148,3802
719148,3879
719148,256
719148,3806
719148,508
719148,3103
719148,480
719148,2035
719149,1160
719149,651
719149,656
719149,508
719149,3106
719149,3514
719149,3901
719150,3890
719150,3518
719150,3106
719150,509
719150,2816
719150,1175
719150,650
719150,665
719151,2880
719151,553
719151,1740
719151,1330
719151,508
719151,3105
719151,3514
719151,242
719151,212
719151,129
719151,1251
719152,3008
719152,891
719152,1138
719152,211
719152,240
719152,3105
719152,509
719152,546
719152,1743
719152,554
719153,803
719153,553
719153,1740
719153,1330
719153,508
719153,3103
719153,480
719153,2527
719154,2528
719154,481
719154,3103
719154,509
719154,546
719154,1743
719154,554
719155,115
719155,1139
719155,981
719155,799
719155,1025
719156,91
719156,798
719156,994
719157,637
719157,656
719157,242
719157,255
719158,256
719158,240
719158,1175
719158,1318
719158,636
719159,3895
719159,637
719159,668
719159,2172
719160,2173
719160,667
719160,3798
719160,639
719160,3896
719161,3412
719161,3547
719161,256
719161,1151
719161,305
719161,3891
719162,3890
719162,304
719162,2855
719162,255
719162,1759
719162,3416
719163,255
719163,271
719163,281
719163,378
719164,2342
719164,2861
719164,1149
719164,256
719165,1901
719165,604
719165,711
719165,2305
719166,2274
719166,3415
719166,2828
719166,603
719166,1900
719167,378
719167,864
719167,2816
719167,546
719167,1741
719167,711
719167,2305
719168,2274
719168,3415
719168,2828
719168,1740
719168,2815
719168,3891
719168,396
719168,2342
719169,636
719169,818
719169,242
719169,255
719169,271
719170,1149
719170,256
719170,240
719170,1782
719170,639
719171,891
719171,1138
719171,3412
719171,211
719171,240
719171,3518
719171,3104
719171,509
719171,546
719171,27
719172,26
719172,1330
719172,508
719172,3104
719172,3514
719172,242
719172,212
719172,3416
719172,1251
719173,378
719173,3890
719173,480
719173,3134
719174,3134
719174,463
719174,481
719174,3891
719174,2341
719175,637
719175,656
719175,1330
719175,3517
719175,480
719176,481
719176,3526
719176,547
719176,1175
719176,638
719177,3105
719177,509
719177,841
719177,804
719177,576
719177,567
719178,575
719178,977
719178,1330
719178,3105
719179,576
719179,567
719180,582
719180,568
719180,2949
719180,575
719180,1740
719181,55
719181,2274
719181,2304
719181,3415
719181,2828
719181,3239
719181,1740
719181,1330
719181,2954
719181,508
719181,3102
719181,3514
719181,2861
719181,1149
719181,251
719182,2884
719182,271
719182,2863
719182,3518
719182,3102
719182,509
719182,2953
719182,546
719182,1741
719182,3240
719182,711
719182,2273
719182,2305
719183,3805
719183,255
719183,261
719183,179
719183,3222
719184,3221
719184,180
719184,262
719184,256
719184,3806
719185,977
719185,1312
719185,818
719185,241
719186,255
719186,261
719186,179
719186,3800
719187,3799
719187,3802
719187,180
719187,262
719187,256
719188,1901
719188,613
719188,3896
719189,3899
719189,1892
719189,603
719189,1900
719190,1901
719190,604
719190,711
719191,3884
719191,3415
719191,2828
719191,603
719191,1900
719192,3899
719192,637
719192,666
719192,212
719192,255
719192,271
719192,2863
719193,284
719193,2861
719193,1149
719193,256
719193,1142
719193,824
719193,639
719193,3896
719194,2863
719194,316
719194,2816
719194,1178
719194,613
719194,3895
719195,3899
719195,1819
719195,617
719195,2815
719195,317
719195,281
719196,636
719196,818
719196,508
719196,3106
719196,3514
719196,396
719197,864
719197,3890
719197,3518
719197,3106
719197,509
719197,2816
719197,1782
719197,638
719198,636
719198,818
719198,508
719198,3106
719198,3514
719198,1000
719198,2342
719199,864
719199,3890
719199,3518
719199,3106
719199,509
719199,2816
719199,1782
719199,638
719200,3518
719200,1218
719200,1219
719200,472
719201,475
719201,471
719201,463
719201,3514
719204,636
719204,818
719204,241
719204,494
719204,3900
719205,3901
719205,952
719205,1782
719205,638
719206,26
719206,445
719206,3906
719206,319
719206,2855
719206,255
719207,256
719207,1151
719207,318
719207,3892
719207,27
719208,26
719208,3133
719208,3906
719208,319
719208,2855
719208,255
719209,256
719209,1151
719209,318
719209,3892
719209,1249
719209,27
719210,647
719210,639
719210,3896
719210,1248
719210,711
719210,2305
719211,51
719211,2274
719211,3415
719211,2828
719211,613
719211,3895
719211,638
719211,700
719212,665
719213,1160
719214,1160
719214,3798
719214,639
719214,3896
719214,1892
719214,568
719215,567
719215,1189
719215,613
719215,3895
719215,637
719215,644
719215,1329
719215,665
719216,255
719216,261
719216,179
719216,3800
719217,3799
719217,3802
719217,180
719217,256
719218,480
719218,347
719218,2666
719218,897
719218,18
719219,18
719219,896
719219,1215
719219,481
719220,480
719220,2035
719220,350
719221,3807
719221,349
719221,1215
719221,481
719223,896
719223,348
719223,1215
719223,481
719224,637
719224,666
719224,212
719224,195
719224,179
719225,180
719225,1142
719225,824
719225,638
719226,481
719226,3526
719226,1743
719226,554
719227,553
719227,1742
719227,480
719228,3134
719228,3132
719228,3514
719228,317
719228,281
719228,3934
719229,3933
719229,2863
719229,316
719229,3518
719229,3892
719229,1249
719229,3134
719230,2863
719230,316
719230,3518
719230,1249
719230,3134
719231,3134
719231,3132
719231,3514
719231,317
719231,281
719231,1906
719232,518
719232,436
719232,3134
719233,469
719233,2905
719233,435
719233,1011
719234,1289
719234,2029
719234,637
719234,668
719234,2172
719234,675
719235,674
719235,3811
719235,667
719235,642
719235,636
719235,1176
719236,526
719236,538
719237,539
719237,527
719238,553
719238,1742
719238,3517
719238,480
719239,481
719239,3526
719239,1743
719239,554
719240,3421
719240,2275
719241,2276
719241,3415
719241,2771
719242,94
719242,1125
719242,3762
719242,216
719242,226
719243,884
719243,217
719243,115
719243,91
719244,94
719244,1125
719244,3762
719244,216
719244,226
719244,240
719245,94
719245,1125
719245,3762
719245,216
719245,226
719246,799
719246,94
719246,1125
719246,3762
719246,216
719246,226
719248,799
719248,94
719248,1125
719248,3762
719248,216
719248,226
719250,242
719250,884
719250,217
719250,115
719250,91
719250,3136
719251,884
719251,217
719251,115
719251,91
719251,3136
719252,242
719252,884
719252,217
719252,115
719252,91
719253,242
719253,884
719253,217
719253,115
719253,91
719253,3136
719254,115
719254,91
719255,115
719255,91
719255,3136
719259,216
719259,226
719260,114
719260,788
719260,216
719260,226
719261,114
719261,788
719261,216
719261,226
719261,952
719261,1782
719262,114
719262,788
719262,216
719262,226
719262,952
719262,1782
719263,818
719263,242
719263,884
719263,217
719263,2479
719263,115
719265,1125
719265,114
719265,211
719265,240
719266,1125
719266,114
719267,242
719267,212
719267,115
719267,1025
719268,115
719268,1025
719271,3514
719271,2816
719271,3797
719271,255
719272,256
719276,639
719276,3896
719276,1819
719276,1330
719276,508
719277,3514
719277,1154
719277,255
719277,1759
719277,15
719278,16
719278,3547
719278,256
719278,1151
719278,494
719278,3518
719278,3102
719279,16
719279,3547
719279,256
719279,1151
719279,494
719279,3518
719280,3899
719280,1819
719280,1330
719280,508
719280,3102
719280,3514
719280,1154
719280,255
719280,1759
719280,15
719281,16
719281,3547
719281,256
719281,1151
719281,494
719281,3518
719281,3102
719281,509
719281,546
719281,613
719281,3895
719283,509
719283,546
719283,613
719283,3895
719283,637
719283,3833
719284,3899
719284,637
719285,509
719285,546
719285,613
719285,3895
719285,637
719286,546
719286,613
719286,3895
719286,637
719287,546
719287,613
719287,3895
719287,637
719288,546
719288,613
719288,3895
719288,637
719289,3833
719289,3811
719289,638
719290,3811
719290,638
719293,1313
719293,1742
719293,3517
719293,3573
719294,2816
719294,952
719294,1782
719295,3892
719295,1249
719295,3134
719296,1125
719296,788
719296,216
719296,226
719296,240
719296,1330
719296,3107
719296,3892
719296,1249
719296,3134
719297,1249
719297,3134
719298,788
719298,216
719298,226
719298,240
719298,1330
719298,3107
719299,788
719299,2554
719300,1125
719300,788
719300,216
719300,226
719300,240
719300,1330
719303,216
719303,226
719303,240
719303,1330
719305,469
719305,3132
719305,3906
719305,3104
719305,547
719305,242
719305,884
719305,217
719306,3906
719306,3104
719306,547
719306,242
719306,884
719306,217
719306,2479
719307,3134
719307,3132
719307,3906
719307,509
719307,547
719307,1175
719309,3134
719309,3132
719309,3906
719309,3104
719309,547
719309,242
719309,884
719309,217
719309,2479
719310,3906
719310,3104
719310,547
719310,242
719310,884
719310,217
719310,788
719312,547
719312,242
719312,884
719312,217
719312,788
719313,788
719313,2554
719321,1230
719321,3415
719321,2828
719321,1819
719321,1330
719321,508
719321,3107
719321,3514
719321,2816
719321,1154
719321,281
719326,1230
719326,3415
719326,2828
719326,1819
719326,1330
719326,508
719327,2855
719327,205
719329,1230
719329,3415
719329,2828
719329,613
719329,637
719330,1248
719330,711
719331,509
719331,841
719331,1248
719331,711
719332,3412
719332,1306
719332,2863
719332,3900
719332,2527
719334,3131
719335,1306
719335,2863
719335,3900
719335,2527
719337,2528
719337,3901
719337,2855
719340,2528
719340,3901
719344,3901
719344,304
719344,242
719344,884
719344,217
719346,216
719346,226
719346,240
719346,305
719346,3900
719348,3901
719348,304
719348,242
719348,884
719348,217
719356,3405
719356,3404
719356,3403
719356,3924
719356,864
719356,3890
719357,3405
719357,3404
719357,3403
719357,3924
719357,864
719357,3890
719357,3526
719358,3405
719358,3404
719358,3403
719358,3924
719358,864
719358,3890
719360,251
719360,1759
719360,1142
719360,216
719360,226
719360,240
719361,251
719361,1759
719361,1142
719361,216
719361,226
719361,240
719363,818
719363,241
719365,212
719365,3547
719365,2884
719366,251
719366,1759
719366,1142
719367,242
719367,884
719367,217
719367,212
719367,3547
719367,2884
719368,978
719368,952
719369,3526
719369,546
719369,1178
719369,1248
719369,711
719370,3415
719370,2828
719370,1819
719370,617
719370,1330
719370,3517
719372,1819
719372,617
719372,1330
719372,3517
719373,1819
719373,617
719373,1330
719374,1248
719374,711
719375,3415
719375,2828
719375,613
719378,1901
719378,604
719378,711
719381,1248
719381,711
719382,1248
719382,711
719384,3415
719384,2828
719384,613
719386,603
719386,1900
719387,256
719387,3806
719388,256
719388,3806
719389,256
719390,613
719391,255
719393,1215
719394,1215
719394,481
719395,3802
719395,3879
719395,256
719395,3806
719395,508
719395,3103
719395,480
719395,2035
719397,3802
719397,3879
719397,256
719397,3806
719397,508
719399,480
719399,2035
719402,256
719402,3806
719402,508
719404,256
719404,3806
719404,508
719405,509
719405,3805
719405,255
719407,1215
719407,481
719408,3901
719408,315
719408,952
719408,1782
719409,1160
719409,651
719409,656
719409,508
719409,3106
719409,3514
719409,3901
719410,1160
719410,651
719410,656
719410,508
719410,3106
719410,3514
719410,3901
719411,3890
719411,3518
719411,3106
719411,509
719411,2816
719411,1175
719411,650
719411,665
719416,1160
719416,651
719417,3890
719417,3518
719419,2880
719419,553
719419,1740
719419,1330
719419,508
719422,509
719423,3008
719423,891
719423,1138
719423,211
719423,240
719423,3518
719424,2880
719424,553
719424,804
719424,637
719425,553
719425,1740
719425,1330
719425,508
719425,3103
719425,480
719428,803
719428,553
719428,1740
719428,1330
719428,508
719429,509
719429,547
719431,2528
719431,481
719431,3103
719431,509
719431,546
719431,1743
719431,554
719432,2528
719432,481
719432,509
719432,547
719437,115
719437,1139
719437,981
719437,799
719437,1025
719439,91
719439,798
719439,994
719441,115
719441,1139
719441,981
719441,799
719441,1025
719442,637
719442,656
719442,242
719442,255
719443,637
719444,636
719445,656
719445,242
719445,255
719446,256
719446,240
719446,1175
719446,1165
719447,2173
719447,667
719447,3798
719447,639
719447,3896
719449,3895
719449,637
719450,2173
719451,639
719451,3896
719452,667
719452,3798
719452,639
719452,3896
719453,2172
719454,3412
719454,3547
719454,256
719456,305
719456,3891
719457,3890
719457,304
719457,2855
719457,255
719457,1759
719457,3416
719459,1151
719459,305
719459,3891
719460,1151
719460,305
719460,3891
719461,3412
719461,3547
719461,256
719461,1151
719461,305
719461,3891
719465,1151
719465,305
719465,3891
719466,3890
719466,304
719466,2855
719467,3890
719467,304
719469,2861
719469,1149
719469,256
719471,255
719471,271
719471,281
719471,378
719471,1153
719472,1153
719472,2342
719472,2861
719472,1149
719472,256
719473,1153
719473,2342
719473,2861
719473,1149
719473,256
719474,2342
719474,2861
719474,1149
719474,256
719477,1153
719477,2342
719477,2861
719477,1149
719477,256
719478,255
719478,271
719478,281
719478,378
719480,255
719480,271
719480,281
719481,255
719481,271
719481,281
719481,378
719481,1153
719484,2342
719485,255
719485,3879
719490,1901
719490,604
719490,711
719490,2305
719492,711
719492,2305
719493,711
719493,2305
719494,603
719494,1900
719495,2274
719495,3415
719495,2828
719496,378
719498,2274
719498,3415
719498,2828
719498,1740
719498,2815
719499,2274
719499,3415
719499,2828
719499,1740
719499,2815
719500,378
719500,864
719500,2816
719500,546
719500,1741
719500,711
719500,2305
719501,2815
719501,3891
719501,396
719501,2342
719502,1740
719502,2815
719502,3891
719502,396
719502,2342
719503,2274
719503,3415
719503,2828
719504,2274
719505,378
719505,864
719505,2816
719507,711
719507,2305
719508,711
719508,2305
719509,1149
719509,256
719509,240
719509,1782
719509,639
719510,639
719511,636
719511,818
719511,242
719511,255
719511,271
719513,1149
719513,256
719513,240
719513,1782
719515,891
719515,1138
719515,3412
719515,211
719515,240
719515,3518
719516,509
719516,546
719516,27
719517,1138
719517,3412
719517,211
719517,240
719518,3514
719518,242
719518,212
719518,3416
719518,1251
719519,26
719519,1330
719519,508
719519,3104
719519,3514
719519,242
719519,212
719519,3416
719521,26
719521,1330
719521,508
719522,26
719522,1330
719522,545
719522,543
719522,1175
719523,378
719523,3890
719523,480
719523,3134
719524,3134
719524,463
719524,481
719524,3891
719524,2341
719525,481
719525,3891
719525,2341
719527,3134
719527,463
719527,481
719527,3891
719527,2341
719529,378
719529,3890
719529,480
719529,3134
719536,378
719536,3890
719536,480
719536,3894
719537,378
719537,3890
719537,480
719537,3894
719538,481
719538,3526
719538,547
719538,1175
719538,638
719539,481
719539,3526
719539,547
719539,1175
719539,638
719540,637
719541,638
719542,656
719542,1330
719542,3517
719542,480
719543,481
719543,3526
719543,547
719543,1175
719549,3105
719549,509
719549,547
719550,582
719550,568
719550,2949
719550,575
719551,582
719551,568
719551,2949
719551,575
719551,1740
719551,874
719551,613
719552,576
719552,567
719553,582
719553,568
719553,2949
719560,1819
719560,1743
719561,1819
719561,1743
719563,55
719563,2796
719563,2274
719563,2304
719563,3415
719563,2828
719563,3239
719563,1740
719563,1330
719563,2954
719563,508
719567,2273
719567,2305
719568,1149
719568,251
719569,55
719569,2796
719569,2274
719569,2304
719569,3415
719569,2828
719569,3239
719569,1740
719569,1330
719569,2954
719569,508
719569,3102
719569,3514
719569,2861
719569,1149
719569,251
719570,55
719570,2274
719570,2304
719570,3415
719570,2828
719571,2274
719571,2304
719571,3415
719571,2828
719571,637
719572,55
719572,2796
719572,2274
719572,2304
719572,3415
719572,2828
719572,637
719573,2884
719573,271
719573,2863
719573,3518
719573,3102
719573,509
719573,2953
719573,546
719573,1741
719573,711
719573,2273
719573,2305
719573,2796
719574,2861
719574,1906
719574,1149
719574,251
719576,509
719576,2953
719576,546
719576,1741
719577,1759
719577,116
719578,1759
719578,116
719578,788
719579,1759
719579,1142
719585,977
719585,1312
719585,818
719585,241
719586,1312
719586,818
719586,241
719587,977
719587,1312
719587,1871
719587,1782
719588,494
719590,255
719590,261
719590,179
719590,3800
719592,3799
719592,3802
719592,180
719592,262
719592,256
719595,3799
719595,3802
719595,180
719595,262
719595,256
719597,1901
719597,613
719600,1901
719603,3899
719610,3899
719610,1892
719610,603
719610,1900
719611,1892
719611,603
719611,1900
719613,1892
719613,603
719613,1900
719614,3896
719616,3899
719620,3884
719620,3415
719620,2828
719621,3884
719621,3415
719621,2828
719622,711
719623,603
719623,1900
719628,256
719628,1142
719628,824
719628,639
719630,284
719630,2861
719630,1149
719630,256
719630,205
719630,1142
719630,824
719632,666
719632,212
719632,255
719632,271
719632,2863
719635,639
719635,3896
719636,3899
719636,637
719638,637
719640,3896
719640,1819
719640,617
719640,2815
719640,317
719640,281
719641,3896
719643,3896
719644,2863
719644,316
719644,2816
719644,1178
719644,613
719644,3895
719645,3899
719648,1178
719648,613
719648,3895
719649,636
719649,818
719649,508
719649,3106
719649,3514
719651,3514
719651,396
719652,509
719652,2816
719652,1782
719652,638
719653,3901
719654,864
719654,3890
719654,3518
719654,3106
719654,509
719654,2816
719654,1782
719654,638
719655,271
719655,281
719657,864
719657,3890
719657,3518
719657,3106
719658,864
719658,3890
719658,3518
719658,3106
719658,509
719658,2816
719658,1782
719658,638
719661,3518
719661,1218
719661,1219
719661,472
719661,3294
719662,3295
719662,475
719662,471
719662,463
719662,3514
719673,2861
719673,1149
719673,256
719673,1142
719673,824
719675,666
719675,212
719675,255
719675,271
719675,281
719676,2861
719676,1149
719676,256
719676,1142
719676,824
719677,2861
719677,1149
719677,256
719677,1142
719677,824
719680,2861
719680,1149
719680,256
719680,1142
719680,824
719680,879
719681,2861
719681,1149
719687,666
719687,212
719687,255
719687,271
719687,281
719688,1782
719688,638
719689,3901
719689,952
719689,1782
719689,638
719690,638
719691,638
719692,636
719692,818
719692,241
719692,494
719692,3900
719694,637
719698,1151
719698,318
719698,3892
719698,27
719699,3892
719699,27
719700,256
719701,26
719701,445
719701,3906
719701,319
719701,2855
719701,255
719702,26
719702,445
719702,3906
719702,319
719704,26
719704,445
719704,3906
719704,319
719705,255
719706,1151
719706,318
719706,3892
719706,1249
719706,27
719707,256
719708,26
719708,3133
719708,3906
719708,319
719708,2855
719708,255
719710,255
719711,51
719711,2274
719711,3415
719711,2828
719711,613
719711,3895
719711,638
719713,647
719713,637
719714,639
719714,3896
719714,1248
719714,711
719714,2305
719715,2305
719716,638
719716,700
719720,1160
719720,639
719720,3896
719720,1892
719720,568
719721,1160
719721,3798
719721,639
719721,3896
719721,1892
719721,567
719722,568
719722,1189
719722,613
719722,3895
719722,637
719722,644
719722,1329
719722,665
719735,568
719735,613
719735,3895
719735,637
719735,644
719736,567
719736,613
719736,3895
719736,637
719736,644
719737,1160
719739,1329
719739,665
719741,3799
719741,3802
719741,180
719741,256
719743,3799
719743,3802
719743,180
719747,480
719747,347
719747,2666
719747,897
719747,18
719747,864
719748,480
719748,347
719748,2666
719748,897
719748,18
719748,2010
719749,480
719749,347
719749,2666
719749,897
719749,18
719750,480
719750,2035
719750,350
719751,480
719751,2035
719751,350
719751,2010
719753,480
719753,2035
719753,350
719754,3807
719754,349
719754,1215
719754,481
719755,480
719755,347
719755,2666
719755,897
719756,480
719756,347
719756,2666
719756,897
719757,480
719757,347
719757,2666
719757,897
719757,864
719758,638
719759,637
719759,666
719759,212
719759,195
719759,179
719760,180
719760,1142
719760,824
719760,638
719761,637
719762,553
719762,1742
719762,3517
719762,480
719762,2527
719763,3517
719763,480
719766,3134
719766,3132
719766,3514
719766,317
719766,281
719769,3518
719769,3892
719769,1249
719769,3134
719770,469
719770,3132
719770,3514
719770,317
719770,281
719770,3934
719771,469
719771,3132
719771,3514
719771,317
719771,281
719771,1906
719772,2863
719772,316
719772,3518
719772,1249
719772,3134
719774,316
719774,3518
719774,1249
719774,3134
719776,1289
719776,2029
719776,637
719776,668
719777,674
719777,3811
719778,667
719778,642
719778,636
719778,1176
719779,2172
719779,675
719783,526
719783,538
719784,539
719784,527
719786,539
719786,528
719786,527
719789,2275
719790,2276
719790,3415
719791,616
719791,1248
719791,711
719791,2279
719791,3599
719791,3604
719791,3601
719791,3663
719791,1083
719792,1200
719792,3662
719792,3600
719792,3603
719792,3598
719792,3415
719792,2828
719792,1819
719793,711
719793,3422
719793,3607
719793,3641
719794,3640
719794,3608
719794,3415
719794,2828
719795,616
719795,1248
719795,711
719795,2279
719795,3599
719795,3604
719795,3601
719796,3600
719796,3603
719796,3598
719796,3415
719796,2828
719796,1819
719797,616
719797,1248
719797,711
719797,2279
719797,3599
719797,3604
719798,3617
719798,3603
719798,3598
719798,3415
719798,2828
719798,1819
719799,3716
719799,3065
719799,1082
719799,3670
719799,3658
719799,3720
719799,3415
719800,728
719800,3244
719800,3720
719800,3657
719800,3669
719800,1702
719800,3709
719800,1081
719800,3064
719800,3717
719800,3674
719801,3421
719801,2305
719801,3646
719801,3645
719801,3722
719801,3852
719802,3667
719802,1703
719802,3668
719802,1731
719802,3037
719802,3647
719802,2274
719802,3415
719803,711
719803,3607
719803,3641
719803,3027
719805,3420
719805,2782
719805,3640
719805,777
719805,2115
719806,2114
719806,2781
719806,3415
719807,3615
719807,3600
719807,3603
719807,3598
719807,3415
719807,2828
719807,1819
719808,3615
719808,3655
719808,3600
719808,3603
719808,3598
719808,3415
719808,2828
719808,1819
719809,1200
719809,3662
719809,3655
719809,3600
719809,3603
719809,3598
719809,3415
719809,2828
719809,1819
719810,1200
719810,3662
719810,3600
719810,3616
719810,3603
719810,3598
719810,3415
719810,2828
719810,1819
719812,616
719812,1248
719812,711
719812,2279
719812,3599
719812,3604
719812,3601
719812,3635
719814,616
719814,1248
719814,711
719815,616
719815,1248
719815,711
719815,2279
719815,3599
719815,3604
719815,3601
719815,3635
719817,711
719817,3422
719817,3607
719818,3608
719818,3415
719818,2828
719819,3608
719820,3415
719820,2828
719821,3608
719821,3415
719821,2828
719823,711
719823,3422
719823,3607
719823,3641
719823,3621
719824,711
719824,3422
719824,3607
719824,3641
719824,3621
719825,3640
719825,3608
719827,3620
719827,3640
719827,3608
719827,3415
719827,2828
719828,3620
719828,3640
719828,3608
719828,3415
719828,2828
719829,3620
719829,3640
719829,3608
719829,3415
719829,2828
719830,616
719830,1248
719830,711
719830,2279
719830,3599
719830,3604
719830,3616
719830,3601
719831,3600
719831,3616
719831,3603
719831,3598
719831,3415
719831,2828
719831,1819
719832,616
719832,1248
719832,711
719832,2279
719832,3599
719832,3604
719832,3601
719833,3600
719833,3603
719833,3598
719833,3415
719833,2828
719833,1819
719834,616
719834,1248
719834,711
719834,2279
719834,3599
719834,3604
719834,3616
719834,3601
719836,3601
719836,3655
719836,3600
719836,3603
719836,3598
719836,3415
719836,2828
719836,1819
719837,3689
719837,3736
719837,1093
719837,3620
719837,3617
719837,3603
719837,3598
719837,3415
719837,2828
719837,1819
719838,3617
719838,3603
719838,3598
719838,3415
719838,2828
719838,1819
719839,3680
719839,3617
719839,3603
719839,3598
719839,3415
719839,2828
719839,1819
719840,1093
719840,3620
719840,3617
719840,3603
719840,3598
719840,3415
719840,2828
719840,1819
719841,1093
719841,3620
719841,3617
719841,3603
719841,3598
719841,3415
719841,2828
719841,1819
719842,3617
719842,3616
719842,3603
719842,3598
719842,3415
719842,2828
719842,1819
719843,3689
719843,1093
719843,3620
719843,3617
719843,3603
719843,3598
719843,3415
719844,3617
719844,3603
719844,3598
719844,3415
719845,2279
719845,3599
719845,3604
719845,3632
719846,616
719846,1248
719846,711
719846,2279
719846,3599
719846,3604
719846,3632
719846,3621
719846,1092
719847,616
719847,1248
719847,711
719847,2279
719847,3599
719847,3604
719847,3632
719847,3621
719847,1092
719848,2279
719848,3599
719848,3604
719849,616
719849,1248
719849,711
719849,2279
719849,3599
719849,3604
719850,616
719850,1248
719850,711
719850,2279
719850,3599
719850,3604
719850,3601
719850,3655
719850,3600
719852,616
719852,1248
719852,711
719852,2279
719852,3599
719852,3604
719852,3632
719853,616
719853,1248
719853,711
719853,2279
719853,3599
719853,3604
719853,3680
719853,3601
719855,3716
719855,3065
719855,1082
719855,3670
719855,3658
719855,3415
719856,728
719856,3244
719856,3657
719856,3669
719856,1702
719856,3709
719856,1081
719856,3064
719856,3717
719856,3674
719857,3720
719857,3657
719857,3668
719857,1979
719857,1702
719857,3709
719857,1081
719857,3064
719857,3717
719857,3674
719858,3657
719858,3668
719858,1979
719858,3669
719858,1702
719859,3421
719859,728
719859,3657
719859,3669
719859,1702
719859,3709
719859,1081
719859,3701
719859,3717
719859,3674
719862,728
719862,3720
719862,3657
719862,3668
719862,1979
719862,1702
719862,3709
719862,1081
719862,3064
719862,3717
719862,3674
719863,3673
719863,3716
719863,3065
719863,1082
719863,1703
719863,3668
719863,1979
719863,3670
719863,3658
719863,3720
719863,727
719863,3415
719864,3673
719864,3716
719864,1703
719864,3670
719864,3658
719864,3415
719865,3673
719865,3716
719865,3065
719865,1082
719865,3670
719865,3658
719865,3720
719867,3673
719867,3716
719867,3065
719867,1082
719868,3673
719868,3716
719868,1082
719869,3245
719869,3415
719870,3421
719870,2305
719870,3646
719870,3036
719870,1979
719870,3669
719870,1702
719870,3666
719870,3722
719871,2305
719871,3646
719871,3645
719871,3722
719871,3852
719872,3667
719872,1703
719872,3668
719872,1731
719872,3037
719872,3647
719872,2274
719872,3420
719873,3721
719873,3644
719873,1731
719873,3647
719873,2274
719873,3415
719874,3667
719875,3728
719875,3640
719875,3608
719875,3415
719875,2828
719876,3728
719876,3640
719876,3608
719876,3415
719876,2828
719877,711
719877,3607
719877,3641
719877,3027
719877,3727
719878,3607
719878,3641
719878,3027
719878,3727
719879,3640
719879,3608
719879,3415
719879,2828
719880,711
719880,3607
719880,3641
719880,3027
719880,3727
719881,2255
719881,3728
719881,3640
719881,3608
719881,3415
719881,2828
719882,2255
719882,3728
719882,3640
719882,3608
719882,3415
719882,2828
719883,3689
719883,2255
719883,3728
719883,3640
719883,3608
719883,3415
719883,2828
719884,2782
719884,3640
719884,777
719884,2115
719886,3420
719886,2782
719888,2114
719888,2781
719888,3415
719889,2781
719889,3415
719894,2781
719894,3415
719895,3420
719895,2782
719896,3420
719896,2782
719896,3026
719896,3640
719896,777
719897,616
719897,1248
719897,711
719897,2279
719897,3599
719897,3604
719897,3601
719897,3663
719897,1083
719898,1200
719898,3662
719898,3600
719898,3603
719898,3598
719898,3415
719898,2828
719898,1819
719899,711
719899,3422
719899,3607
719899,3641
719900,3640
719900,3608
719900,3415
719900,2828
719901,616
719901,1248
719901,711
719901,2279
719901,3599
719901,3604
719901,3601
719902,3600
719902,3603
719902,3598
719902,3415
719902,2828
719902,1819
719903,616
719903,1248
719903,711
719903,2279
719903,3599
719903,3604
719904,3617
719904,3603
719904,3598
719904,3415
719904,2828
719904,1819
719905,3716
719905,3065
719905,1082
719905,3670
719905,3658
719905,3720
719905,3415
719906,728
719906,3244
719906,3720
719906,3657
719906,3669
719906,1702
719906,3709
719906,1081
719906,3064
719906,3717
719906,3674
719907,711
719907,3607
719907,3641
719907,3027
719910,2114
719910,2781
719910,3415
719911,3615
719911,3600
719911,3603
719911,3598
719911,3415
719911,2828
719911,1819
719912,3615
719912,3655
719912,3600
719912,3603
719912,3598
719912,3415
719912,2828
719912,1819
719916,616
719916,1248
719916,711
719916,2279
719916,3599
719916,3604
719916,3601
719916,3635
719917,616
719917,1248
719917,711
719917,2279
719917,3599
719917,3604
719917,3616
719917,3601
719917,3663
719917,1083
719921,711
719921,3422
719921,3607
719922,3608
719922,3415
719922,2828
719924,3415
719924,2828
719926,711
719926,3422
719926,3607
719930,3608
719930,3415
719930,2828
719934,616
719934,1248
719934,711
719934,2279
719934,3599
719934,3604
719934,3616
719934,3601
719936,616
719936,1248
719936,711
719936,2279
719936,3599
719936,3604
719936,3601
719937,3600
719937,3603
719937,3598
719937,3415
719937,2828
719937,1819
719940,3601
719940,3655
719940,3600
719940,3603
719940,3598
719940,3415
719940,2828
719940,1819
719957,616
719957,1248
719957,711
719957,2279
719957,3599
719957,3604
719957,3680
719957,3601
719958,616
719958,1248
719958,711
719958,2279
719958,3599
719958,3604
719958,3680
719958,3601
719959,3716
719959,3065
719959,1082
719959,3670
719959,3658
719959,3415
719960,728
719960,3244
719960,3657
719960,3669
719960,1702
719960,3709
719960,1081
719960,3064
719960,3717
719960,3674
719964,3421
719964,728
719964,3720
719964,3657
719964,3669
719964,1702
719964,3709
719964,1081
719964,3701
719964,3717
719964,3674
719965,728
719965,3657
719965,3668
719965,1979
719965,3669
719965,1702
719965,3709
719965,1081
719965,3064
719965,3717
719965,3674
719967,3673
719967,3716
719967,3065
719967,1082
719967,1703
719967,3668
719967,1979
719967,3670
719967,3658
719967,3720
719967,727
719967,3415
719970,3673
719970,3716
719970,3065
719970,1082
719970,1979
719970,3670
719970,3658
719970,3415
719974,3728
719974,3640
719974,3608
719974,3415
719974,2828
719976,711
719976,3607
719976,3641
719976,3027
719976,3727
719978,3640
719978,3608
719978,3415
719978,2828
719985,3420
719985,2782
719986,2782
719989,2781
719989,3415
719991,3420
719991,2782
719991,3641
719992,2781
719992,3415
719993,2781
719993,3415
719994,3420
719994,2782
719996,149
719997,148
719998,72
719998,1125
719998,1038
719999,96
719999,2482
719999,73
720000,2716
720001,2715
720002,2251
720003,1015
720004,149
720005,148
720005,2716
720006,2716
720006,2477
720007,2040
720008,2251
720008,895
720009,992
720009,1015
720010,73
720010,3467
720011,2838
720011,3476
720011,74
720012,149
720012,912
720013,148
720015,148
720015,2716
720016,153
720016,148
720017,153
720017,148
720018,153
720018,148
720018,2716
720019,148
720021,96
720021,2482
720021,73
720022,96
720022,2482
720022,73
720022,2716
720025,2716
720027,2251
720032,1015
720032,2716
720033,149
720033,153
720034,153
720034,148
720035,153
720035,148
720037,148
720038,148
720039,148
720039,2716
720041,2040
720042,2040
720042,2716
720043,992
720043,1015
720045,992
720045,1015
720045,2716
720046,992
720046,1015
720047,992
720047,1015
720048,992
720048,1015
720048,2716
720049,2251
720049,895
720050,895
720051,895
720052,2838
720052,3476
720052,74
720052,798
720053,2838
720053,3476
720053,74
720055,2838
720055,3476
720055,74
720056,74
720060,73
720061,799
720061,73
720062,149
720063,148
720064,72
720064,1125
720064,1038
720065,96
720065,2482
720065,73
720066,2716
720067,2715
720068,2251
720069,1015
720070,149
720072,2251
720072,895
720073,992
720073,1015
720074,73
720074,3467
720076,149
720076,912
720077,148
720078,148
720079,148
720079,2716
720081,153
720081,148
720082,153
720082,148
720082,2716
720085,96
720085,2482
720085,73
720089,2716
720090,1015
720095,1015
720096,1015
720096,2716
720101,148
720104,148
720105,992
720105,1015
720106,992
720106,1015
720107,992
720107,1015
720107,2716
720112,895
720115,2838
720115,3476
720115,74
720116,2838
720116,3476
720116,74
720116,2716
720117,2838
720117,3476
720117,74
720119,74
720120,74
720120,2716
720122,73
720124,927
720124,923
720125,924
720125,1233
720126,924
720126,1233
720126,3526
720126,543
720126,1175
720127,656
720127,3516
720127,508
720127,927
720127,923
720128,927
720128,923
720129,924
720129,1233
720130,924
720130,1233
720130,3526
720130,543
720130,1175
720131,656
720131,3516
720131,508
720131,927
720131,923
720132,1584
720132,1578
720132,1544
720132,1747
720133,1398
720133,3522
720133,1418
720133,2033
720133,1570
720134,2034
720134,1417
720134,3521
720134,1397
720135,1582
720135,1397
720136,1398
720136,1583
720137,1542
720137,1579
720137,1583
720138,1582
720138,1614
720138,2817
720138,1531
720139,1582
720139,1578
720139,1544
720140,1532
720140,2818
720140,1583
720141,1497
720141,2818
720141,2031
720141,1495
720142,1897
720142,2032
720142,1651
720142,2817
720142,1497
720143,1542
720143,1419
720143,1654
720143,1749
720144,1748
720144,1655
720144,1420
720144,1543
720145,1751
720145,1869
720146,1396
720146,1750
720147,1388
720147,1651
720147,2817
720147,1496
720147,1604
720148,1603
720148,1497
720148,2818
720148,1459
720149,1629
720149,2034
720149,1417
720149,1496
720149,1604
720150,1603
720150,1497
720150,3904
720150,1418
720150,2033
720150,1628
720151,1528
720151,1748
720151,1655
720151,1547
720151,3524
720151,2820
720151,1541
720151,1579
720151,1585
720152,1746
720152,1420
720152,3521
720152,2820
720152,1497
720153,1497
720153,2818
720153,3523
720153,1419
720153,1471
720153,1749
720154,1548
720154,1420
720154,1581
720154,1502
720154,1572
720155,1573
720155,1501
720155,1580
720155,1419
720155,1547
720156,1746
720156,1420
720156,1581
720156,1502
720156,1572
720157,1573
720157,1501
720157,1580
720157,1419
720157,1471
720157,1749
720158,1542
720158,3523
720158,1419
720158,1547
720159,1548
720159,1420
720159,3521
720159,1541
720160,1407
720160,2818
720160,1617
720160,1581
720160,1502
720160,1572
720161,1573
720161,1501
720161,1580
720161,2817
720161,1531
720162,2034
720162,1417
720162,3521
720162,1397
720162,3902
720163,3908
720163,1398
720163,3522
720163,1418
720163,2031
720164,1897
720164,2034
720164,1417
720164,1581
720165,1580
720165,1418
720165,2031
720165,1897
720166,1501
720166,1580
720166,3907
720167,3908
720167,1581
720167,1502
720168,1501
720168,1580
720168,3907
720169,2820
720169,1581
720169,1502
720170,1542
720170,2819
720170,3523
720170,1418
720170,2031
720170,1897
720171,1897
720171,2034
720171,1417
720171,3521
720171,2820
720171,1541
720172,1629
720172,1746
720172,1655
720172,1581
720172,1573
720173,1573
720173,1501
720173,1580
720173,1419
720173,1654
720173,1747
720173,1628
720175,1897
720178,1578
720178,1544
720181,3523
720181,1747
720182,1491
720182,1747
720184,2033
720184,1570
720187,2034
720187,1417
720187,3521
720187,1397
720195,1582
720195,1397
720198,1398
720198,1541
720198,1583
720207,1582
720207,1614
720207,2817
720207,1531
720207,1408
720209,1531
720210,1587
720216,1586
720217,1586
720218,1582
720218,2817
720219,1582
720219,1614
720219,2817
720219,1531
720220,1542
720220,1579
720220,1583
720221,1583
720222,1542
720222,1579
720222,1583
720226,1532
720226,2818
720228,1587
720229,1587
720230,1531
720233,1532
720233,2818
720233,1583
720235,1586
720239,1532
720242,1582
720242,1578
720243,1582
720244,2031
720244,1495
720247,1897
720247,2817
720248,1897
720248,2032
720248,1651
720248,2817
720248,1497
720251,1897
720253,1897
720255,1495
720256,1897
720258,1495
720263,1542
720264,1541
720268,1751
720269,1748
720269,1655
720269,1420
720269,1543
720269,1410
720271,1749
720272,1751
720278,1750
720283,1603
720283,1497
720283,2818
720284,1497
720284,2818
720284,1459
720285,1680
720285,1388
720285,1651
720285,2817
720285,1604
720287,1869
720289,1604
720291,1603
720291,1497
720293,1603
720293,1497
720293,3904
720294,1497
720294,3904
720294,1418
720294,2033
720294,1628
720296,2033
720296,1628
720297,1629
720297,2031
720298,1629
720298,2031
720299,1496
720299,1604
720301,2033
720301,1628
720302,2033
720302,1628
720305,1389
720305,2033
720305,1628
720306,1603
720306,1497
720310,1528
720310,1748
720310,1655
720310,1547
720310,3524
720310,2820
720310,1541
720310,1579
720310,1585
720322,1746
720322,1420
720322,3521
720322,2820
720322,1604
720323,1603
720323,1497
720323,2818
720323,3523
720323,1419
720323,1471
720323,1749
720324,1584
720324,1420
720324,3521
720324,2820
720324,1497
720325,1603
720325,1497
720325,2818
720325,3523
720325,1419
720325,1471
720325,1749
720326,3522
720326,1419
720326,1471
720326,1749
720328,1584
720328,1472
720328,1749
720330,1746
720333,1548
720333,1420
720333,1502
720333,1572
720334,1581
720334,1502
720334,1572
720335,1573
720335,1501
720335,1580
720335,1419
720335,1547
720336,1573
720336,1501
720336,1580
720338,1502
720338,1572
720339,1548
720339,1420
720339,1581
720339,1502
720339,1572
720340,1548
720340,1420
720340,1581
720340,1502
720340,1572
720343,1581
720343,1502
720343,1572
720344,1419
720344,1547
720345,1419
720345,1547
720347,1548
720347,1420
720349,1746
720349,1420
720349,1581
720349,1502
720349,1572
720351,1581
720351,1502
720351,1572
720352,1581
720352,1502
720352,1572
720354,1472
720354,1749
720356,1746
720357,1746
720357,1420
720358,1573
720358,1501
720358,1580
720360,1581
720360,1502
720360,1572
720362,1584
720362,1419
720362,1547
720363,1542
720364,1548
720364,1420
720364,3521
720365,1531
720368,3522
720368,1419
720368,1547
720369,1407
720369,2818
720370,1573
720370,1501
720370,1580
720370,2817
720371,1573
720371,1501
720371,1580
720372,1573
720372,1501
720372,1580
720373,2820
720373,1581
720373,1502
720373,1572
720374,2818
720374,1581
720374,1502
720374,1572
720375,1407
720378,1578
720378,2817
720378,1531
720381,1407
720381,2818
720381,1617
720381,1581
720381,1502
720381,1572
720382,1531
720385,1573
720385,1501
720385,1580
720387,2034
720387,1417
720387,3521
720387,1397
720387,3902
720392,3908
720392,1398
720392,3522
720392,1418
720392,2031
720392,1868
720393,3908
720395,3902
720403,3908
720403,1398
720403,3522
720403,1418
720403,2031
720404,1580
720405,1580
720405,1418
720405,2031
720405,1495
720406,1580
720406,1418
720406,2031
720407,1897
720407,2034
720407,1417
720407,1581
720408,1418
720408,2031
720408,1897
720409,1581
720412,1573
720414,1897
720415,1897
720415,2034
720415,1417
720416,1897
720419,1581
720420,1581
720421,1581
720422,1495
720423,1580
720424,1580
720425,1897
720427,1581
720427,1502
720428,1501
720428,1580
720428,1544
720430,3908
720430,2820
720431,3907
720433,3908
720434,1501
720434,1580
720435,3907
720436,1581
720436,1502
720437,1542
720437,2819
720437,3523
720437,1418
720437,2031
720437,1495
720438,1897
720438,2034
720438,1417
720438,3521
720438,2820
720439,1531
720439,1408
720440,3523
720440,1418
720440,2031
720440,1897
720441,1409
720441,1542
720441,3523
720441,1418
720441,2031
720441,1897
720443,1897
720443,2034
720443,1417
720443,3521
720444,1407
720447,1746
720447,1655
720447,1420
720447,1581
720447,1573
720448,1573
720448,1501
720448,1580
720448,1419
720448,1654
720448,1747
720449,1573
720449,1501
720449,1580
720450,1629
720450,1746
720450,1655
720450,1420
720452,1746
720452,1655
720452,1420
720453,1746
720453,1655
720453,1420
720454,1746
720454,1655
720454,1420
720455,1573
720455,1501
720456,1419
720456,1654
720456,1747
720456,1628
720457,1419
720457,1654
720457,1747
720458,1581
720458,1502
720458,1573
720459,1497
720459,1581
720459,1502
720459,1573
720460,1581
720460,1502
720460,1573
720461,1573
720462,1581
720462,1573
720463,1419
720463,1654
720463,1747
720463,1628
720464,1419
720464,1654
720464,1747
720464,1628
720465,1584
720465,1578
720465,1544
720465,1747
720466,1398
720466,3522
720466,1418
720466,2033
720466,1570
720467,2034
720467,1417
720467,3521
720467,1397
720468,1582
720468,1397
720469,1398
720469,1583
720470,1542
720470,1579
720470,1583
720471,1582
720471,1614
720471,2817
720471,1531
720472,1582
720472,1578
720472,1544
720473,1532
720473,2818
720473,1583
720474,1497
720474,2818
720474,2031
720474,1495
720475,1897
720475,2032
720475,1651
720475,2817
720475,1497
720476,1542
720476,1419
720476,1654
720476,1749
720477,1748
720477,1655
720477,1420
720477,1543
720478,1751
720478,1869
720479,1396
720479,1750
720480,1388
720480,1651
720480,2817
720480,1496
720480,1604
720481,1603
720481,1497
720481,2818
720481,1459
720482,1629
720482,2034
720482,1417
720482,1496
720482,1604
720483,1603
720483,1497
720483,3904
720483,1418
720483,2033
720483,1628
720484,1528
720484,1748
720484,1655
720484,1547
720484,3524
720484,2820
720484,1541
720484,1579
720484,1585
720485,1746
720485,1420
720485,3521
720485,2820
720485,1497
720486,1497
720486,2818
720486,3523
720486,1419
720486,1471
720486,1749
720487,1548
720487,1420
720487,1581
720487,1502
720487,1572
720488,1573
720488,1501
720488,1580
720488,1419
720488,1547
720489,1746
720489,1420
720489,1581
720489,1502
720489,1572
720490,1573
720490,1501
720490,1580
720490,1419
720490,1471
720490,1749
720491,1542
720491,3523
720491,1419
720491,1547
720492,1548
720492,1420
720492,3521
720492,1541
720493,1407
720493,2818
720493,1617
720493,1581
720493,1502
720493,1572
720494,1573
720494,1501
720494,1580
720494,2817
720494,1531
720495,2034
720495,1417
720495,3521
720495,1397
720495,3902
720496,3908
720496,1398
720496,3522
720496,1418
720496,2031
720497,1897
720497,2034
720497,1417
720497,1581
720498,1580
720498,1418
720498,2031
720498,1897
720499,1501
720499,1580
720499,3907
720500,3908
720500,1581
720500,1502
720501,1501
720501,1580
720501,3907
720502,2820
720502,1581
720502,1502
720503,1542
720503,2819
720503,3523
720503,1418
720503,2031
720503,1897
720504,1897
720504,2034
720504,1417
720504,3521
720504,2820
720504,1541
720505,1629
720505,1746
720505,1655
720505,1581
720505,1573
720506,1573
720506,1501
720506,1580
720506,1419
720506,1654
720506,1747
720506,1628
720507,1584
720507,1578
720507,1544
720507,3523
720507,1747
720509,1897
720517,2033
720517,1570
720520,2034
720520,1417
720520,3521
720520,1397
720523,1398
720523,3522
720523,1418
720523,2033
720523,1570
720526,1583
720528,1582
720528,1397
720531,1398
720531,1541
720531,1583
720539,1614
720539,1543
720539,1397
720540,1582
720540,1614
720540,2817
720540,1531
720540,1408
720542,1531
720543,1587
720549,1586
720550,1586
720551,1582
720551,2817
720554,1583
720561,1587
720563,1531
720564,1531
720566,1532
720566,2818
720566,1583
720567,1532
720567,2818
720567,1583
720568,1586
720584,1897
720588,1495
720596,1542
720601,1751
720602,1748
720602,1655
720602,1420
720602,1543
720602,1410
720605,1751
720610,1396
720610,1750
720611,1750
720615,2820
720615,1459
720616,1603
720616,1497
720616,2818
720617,1497
720617,2818
720617,1459
720618,1680
720618,1388
720618,1651
720618,2817
720618,1604
720620,1869
720622,1604
720624,1603
720624,1497
720625,1604
720627,1497
720627,3904
720627,1418
720627,2033
720627,1628
720634,2033
720634,1628
720637,2033
720637,1628
720639,1603
720639,1497
720640,2820
720640,1496
720640,1604
720643,1528
720643,1748
720643,1655
720643,1547
720643,3524
720643,2820
720643,1541
720643,1579
720643,1585
720650,1680
720650,1396
720652,2820
720652,1497
720655,1746
720655,1420
720655,3521
720655,2820
720655,1604
720658,1603
720658,1497
720658,2818
720658,3523
720658,1419
720658,1471
720658,1749
720659,3522
720659,1419
720659,1471
720659,1749
720661,1584
720661,1472
720661,1749
720663,1746
720666,1548
720666,1420
720666,1502
720666,1572
720668,1573
720668,1501
720668,1580
720668,1419
720668,1547
720670,1573
720670,1501
720670,1580
720670,1419
720670,1547
720671,1502
720671,1572
720672,1548
720672,1420
720672,1581
720672,1502
720672,1572
720674,1548
720674,1420
720674,1581
720674,1502
720674,1573
720677,1419
720677,1547
720678,1419
720678,1547
720680,1548
720680,1420
720682,1746
720682,1420
720682,1581
720682,1502
720682,1572
720684,1581
720684,1502
720684,1572
720687,1472
720687,1749
720688,1573
720688,1501
720688,1580
720689,1746
720691,1573
720691,1501
720691,1580
720693,1581
720693,1502
720693,1572
720696,1542
720697,1548
720697,1420
720697,3521
720698,1531
720699,1541
720701,3522
720701,1419
720701,1547
720704,1573
720704,1501
720704,1580
720705,1573
720705,1501
720705,1580
720706,2820
720706,1581
720706,1502
720706,1572
720707,2818
720707,1581
720707,1502
720707,1572
720708,1407
720710,1581
720710,1502
720710,1572
720712,2817
720712,1531
720714,1407
720714,2818
720714,1617
720714,1581
720714,1502
720714,1572
720715,1531
720725,3908
720725,1398
720725,3522
720725,1418
720725,2031
720725,1868
720726,3908
720728,3902
720737,1580
720738,1580
720738,1418
720738,2031
720738,1495
720740,1897
720740,2034
720740,1417
720740,1581
720742,1581
720747,1897
720749,1897
720750,1897
720755,1495
720758,1897
720760,1581
720760,1502
720761,1501
720761,1580
720761,1544
720762,1501
720762,1580
720763,3908
720763,2820
720764,3907
720765,3907
720766,3908
720767,1501
720767,1580
720768,3907
720769,1581
720769,1502
720770,1542
720770,2819
720770,3523
720770,1418
720770,2031
720770,1495
720772,1531
720772,1408
720773,3523
720773,1418
720773,2031
720773,1897
720774,1409
720774,1542
720774,3523
720774,1418
720774,2031
720774,1897
720776,1897
720776,2034
720776,1417
720776,3521
720777,1407
720778,1897
720779,1897
720783,1629
720783,1746
720783,1655
720783,1420
720788,1573
720788,1501
720789,1419
720789,1654
720789,1747
720789,1628
720791,1581
720791,1502
720791,1573
