variant_id,is_main,equiv_main_variant_id,join_stop_id,disjoin_stop_id
704332,1,,,
704333,1,,,
705028,1,,,
705029,1,,,
705090,1,,,
705091,1,,,
705094,0,,,
705095,0,,,
705097,0,,,
705098,0,,,
705099,0,,,
705100,0,,,
705102,0,,,
705103,0,,,
705104,0,,,
705105,0,,,
705106,0,,,
705107,0,,,
705108,0,,,
705109,0,,,
705110,0,,,
705111,0,,,
705112,0,,,
705119,1,,,
705120,1,,,
705121,0,,,
705128,1,,,
705129,1,,,
711716,1,,,
711717,1,,,
711718,1,,,
711719,1,,,
711720,0,711716,,3460
711721,0,711717,,1012
711722,0,711717,,815
711723,0,711717,,1142
711724,0,711717,1248,
711725,0,711716,964,
712398,1,,,
712399,1,,,
712400,1,,,
712401,1,,,
712402,0,711716,,3460
712404,0,711717,,815
712406,0,711717,1248,
712407,0,711716,964,
715169,1,,,
715170,1,,,
715171,0,715169,,668
715172,0,715169,670,
715173,0,715170,667,
715174,0,715170,,669
715849,1,,,
715850,1,,,
715853,0,715170,667,
715854,0,715170,,669
717907,1,,,
717908,1,,,
717909,0,,,
717910,0,,,
717911,0,,,
717912,0,,,
717913,1,,,
717914,1,,,
717915,0,,,
717916,0,,,
717917,0,,,
717918,0,,,
718047,1,,,
718048,1,,,
718049,1,,,
718050,1,,,
718051,1,,,
718052,1,,,
718053,1,,,
718054,1,,,
718055,0,,,
718056,0,,,
718058,0,,,
718059,0,,,
718060,0,,,
718061,0,,,
718062,0,,,
718063,0,,,
718065,0,,,
718069,0,,,
718071,0,,,
718072,0,,,
718073,0,,,
718074,1,,,
718075,1,,,
718076,1,,,
718077,1,,,
718078,1,,,
718079,1,,,
718080,1,,,
718081,1,,,
718083,0,,,
718084,0,,,
718094,0,,,
718097,0,,,
718098,0,,,
718099,0,,,
718426,1,,,
718427,1,,,
718428,1,,,
718429,1,,,
718430,1,,,
718431,1,,,
718432,1,,,
718433,1,,,
718434,1,,,
718435,1,,,
718436,1,,,
718437,1,,,
718438,1,,,
718439,1,,,
718440,1,718440,,879
718441,1,,,
718442,1,,,
718443,1,,,
718444,1,,,
718445,1,,,
718446,1,,,
718447,1,,,
718448,1,,,
718449,1,,,
718450,1,,,
718451,1,,,
718452,1,,,
718453,1,,,
718454,1,,,
718455,1,,,
718456,1,,,
718457,1,,,
718458,1,,,
718459,1,,,
718460,1,,,
718461,1,,,
718462,1,,,
718463,1,,,
718464,1,,,
718465,1,,,
718466,1,,,
718467,1,,,
718468,1,,,
718469,1,,,
718470,1,,,
718471,1,,,
718472,1,,,
718473,1,,,
718474,1,,,
718475,1,,,
718476,1,,,
718477,1,,,
718478,1,,,
718479,1,,,
718480,1,,,
718481,1,,,
718482,1,,,
718483,1,,,
718484,1,,,
718485,1,,,
718486,1,,,
718487,1,,,
718488,1,,,
718489,1,,,
718490,1,,,
718491,1,,,
718492,1,,,
718493,1,,,
718494,1,,,
718495,1,,,
718496,1,,,
718497,1,,,
718498,1,,,
718499,1,,,
718500,1,,,
718501,1,,,
718502,1,,,
718503,1,,,
718504,1,,,
718505,1,,,
718506,1,,,
718507,1,,,
718508,1,,,
718509,1,,,
718510,1,,,
718511,1,,,
718512,1,,,
718513,1,,,
718514,1,,,
718515,1,,,
718516,1,,,
718517,1,,,
718518,1,,,
718519,1,,,
718520,1,,,
718521,1,,,
718522,1,,,
718523,1,,,
718524,1,,,
718525,1,,,
718526,1,,,
718527,1,,,
718528,1,,,
718529,1,,,
718531,1,,,
718532,1,,,
718533,1,,,
718535,1,,,
718536,1,,,
718537,1,,,
718538,1,,,
718539,1,,,
718540,1,,,
718541,1,,,
718542,1,,,
718543,1,,,
718544,1,,,
718545,1,,,
718546,1,,,
718547,1,,,
718548,1,,,
718549,1,,,
718550,1,,,
718551,1,,,
718552,1,,,
718553,1,,,
718554,1,,,
718555,1,,,
718558,0,718427,,2854
718559,0,,,
718560,0,,,
718563,0,718427,,127
718564,0,,,
718566,0,718426,242,
718567,0,718426,242,
718568,0,718426,128,
718569,0,718426,128,
718570,0,718427,,127
718571,0,,,
718574,0,,,
718575,0,718429,,2854
718577,0,718428,242,
718578,0,718428,125,
718579,0,718431,,2854
718580,0,718431,,127
718581,0,718430,242,
718582,0,718430,128,
718585,0,,,
718586,0,718433,,2886
718590,0,718435,667,
718591,0,,,
718592,0,,,
718593,0,,,
718594,0,,,
718595,0,,,
718596,0,718434,,3131
718597,0,,,
718599,0,718434,,668
718600,0,718434,,668
718601,0,718434,,668
718602,0,718434,,668
718603,0,718435,,642
718604,0,718435,,642
718605,0,718435,667,
718607,0,,,
718608,0,718436,,1782
718609,0,,,
718610,0,,,
718611,0,,,
718612,0,,,
718613,0,718437,,2554
718614,0,,,
718617,0,718437,208,
718619,0,718438,,210
718620,0,,,
718621,0,718438,,543
718623,0,,,
718624,0,,,
718625,0,,,
718626,0,,,
718627,0,718437,,2554
718630,0,,,
718633,0,,,
718634,0,,,
718635,0,718440,879,
718636,0,,,
718637,0,718442,208,
718638,0,,,
718639,0,718441,125,
718640,0,718442,,2554
718641,0,,,
718642,0,,,
718643,0,,,
718645,0,,,
718646,0,,,
718647,0,718444,,898
718648,0,,,
718649,0,718443,,3460
718650,0,718444,1248,
718651,0,,,
718652,0,,,
718653,0,,,
718654,0,718446,3131,
718655,0,718445,1309,
718656,0,718445,,114
718657,0,718446,,1307
718658,0,718446,,1307
718659,0,,,
718660,0,,,
718662,0,,,
718663,0,,,
718665,0,718448,125,
718666,0,718447,208,
718667,0,718447,,2554
718668,0,718448,,210
718669,0,,,
718672,0,,,
718673,0,718449,3891,
718674,0,718450,3512,
718675,0,,,
718676,0,718450,,3890
718678,0,,,
718679,0,,,
718680,0,,,
718681,0,,,
718683,0,718452,493,
718685,0,718451,209,
718686,0,718452,,1142
718688,0,718451,,978
718689,0,,,
718690,0,,,
718692,0,718454,1819,
718693,0,718454,1819,
718694,0,718453,1248,
718695,0,718454,,611
718698,0,,,
718699,0,,,
718700,0,,,
718701,0,718455,708,
718703,0,718455,708,
718704,0,718456,,707
718705,0,718455,,610
718706,0,718456,603,
718707,0,,,
718708,0,,,
718709,0,718458,,2886
718710,0,718457,,3572
718711,0,718457,2885,
718712,0,718458,3572,
718713,0,,,
718715,0,,,
718717,0,,,
718719,0,,,
718720,0,,,
718722,0,,,
718724,0,,,
718725,0,,,
718726,0,,,
718727,0,,,
718728,0,718459,,
718729,0,,,
718730,0,,,
718731,0,,,
718732,0,718462,,
718734,0,718461,1318,
718735,0,718461,1318,
718736,0,718462,,
718737,0,,,
718739,0,,,
718742,0,718464,,2953
718743,0,,,
718744,0,718463,,3002
718745,0,,,
718748,0,,,
718749,0,718466,,2953
718751,0,,,
718752,0,718466,,2953
718753,0,,,
718754,0,,,
718755,0,,,
718756,0,718468,209,
718757,0,718467,128,
718758,0,718467,,212
718759,0,718468,,127
718760,0,718468,,127
718761,0,,,
718762,0,,,
718763,0,718469,,644
718764,0,718470,1318,
718765,0,718469,648,
718766,0,718470,,651
718768,0,,,
718769,0,718471,,668
718770,0,718472,,669
718773,0,718471,670,
718777,0,,,
718779,0,718473,1306,
718781,0,718473,1141,
718782,0,718474,125,
718785,0,718473,1306,
718786,0,718474,,1174
718787,0,718474,,1174
718788,0,718473,,2554
718791,0,,,
718792,0,,,
718794,0,,,
718795,0,718476,,2886
718796,0,,,
718797,0,,,
718798,0,718475,2885,
718799,0,718475,2885,
718802,0,718476,3797,
718803,0,718475,,
718804,0,,,
718805,0,,,
718806,0,,,
718807,0,,,
718808,0,,,
718809,0,,,
718810,0,,,
718811,0,718477,,610
718812,0,718477,708,
718814,0,718478,603,
718815,0,718478,,707
718816,0,,,
718817,0,,,
718818,0,,,
718819,0,,,
718820,0,,,
718821,0,718480,2815,
718822,0,718480,603,
718823,0,718480,,2828
718825,0,718479,,2816
718827,0,718479,711,
718830,0,718482,639,
718831,0,718481,636,
718832,0,718481,,626
718833,0,718482,,641
718835,0,,,
718836,0,,,
718837,0,718483,,240
718838,0,,,
718839,0,,,
718841,0,,,
718842,0,718484,,543
718843,0,,,
718844,0,,,
718846,0,,,
718847,0,,,
718848,0,,,
718849,0,,,
718850,0,,,
718851,0,,,
718852,0,,,
718853,0,,,
718854,0,,,
718855,0,,,
718856,0,,,
718858,0,,,
718859,0,,,
718860,0,718487,,644
718861,0,718488,1318,
718862,0,718487,648,
718863,0,718488,,651
718864,0,718487,648,
718865,0,,,
718866,0,,,
718867,0,,,
718868,0,718490,,
718869,0,718489,,2953
718871,0,718492,,874
718872,0,,,
718873,0,,,
718874,0,,,
718875,0,,,
718876,0,,,
718877,0,,,
718878,0,,,
718879,0,,,
718880,0,718492,,
718883,0,,,
718884,0,,,
718887,0,,,
718888,0,,,
718889,0,,,
718890,0,718493,,1030
718891,0,718493,,1030
718893,0,,,
718894,0,,,
718895,0,718493,,284
718896,0,718494,,610
718897,0,718494,,3879
718899,0,718494,,3879
718900,0,718496,3574,
718901,0,718495,2885,
718902,0,718495,,3574
718903,0,718496,,2886
718904,0,,,
718906,0,,,
718907,0,718497,,820
718909,0,718499,3805,
718910,0,718498,2885,
718911,0,,,
718913,0,,,
718915,0,,,
718916,0,718498,,
718917,0,718500,,624
718919,0,,,
718920,0,,,
718921,0,,,
718922,0,,,
718924,0,,,
718925,0,,,
718926,0,,,
718927,0,,,
718928,0,,,
718929,0,,,
718930,0,,,
718931,0,718501,625,
718933,0,718501,625,
718934,0,718500,779,
718935,0,718500,779,
718936,0,718501,,780
718937,0,718501,,780
718938,0,,,
718939,0,,,
718940,0,718503,,707
718942,0,718502,708,
718944,0,718502,,610
718946,0,,,
718947,0,,,
718948,0,,,
718949,0,,,
718950,0,718505,,651
718951,0,,,
718952,0,718504,648,
718955,0,718505,1318,
718956,0,718504,,644
718957,0,,,
718958,0,718504,,644
718960,0,718507,629,
718961,0,718506,2235,
718962,0,,,
718964,0,718506,,3895
718965,0,718507,,3899
718967,0,,,
718969,0,,,
718970,0,,,
718971,0,,,
718972,0,,,
718973,0,718509,,1267
718974,0,718509,,3124
718976,0,,,
718977,0,,,
718978,0,718511,,646
718979,0,718510,,647
718980,0,,,
718981,0,,,
718982,0,,,
718983,0,,,
718984,0,718512,3518,
718985,0,718512,3518,
718986,0,718513,,3514
718987,0,,,
718990,0,,,
718991,0,,,
718994,0,718515,1318,
718995,0,718514,648,
719000,0,718515,,651
719003,0,718514,,644
719009,0,,,
719010,0,718517,638,
719012,0,718516,647,
719013,0,718517,,646
719014,0,718516,,647
719016,0,,,
719017,0,,,
719018,0,718519,1306,
719020,0,718519,,2886
719021,0,,,
719022,0,718518,,1174
719023,0,,,
719024,0,,,
719025,0,718518,2885,
719026,0,718521,1306,
719027,0,718521,,2886
719028,0,,,
719029,0,718520,,1174
719030,0,718520,2885,
719031,0,718523,,646
719033,0,718522,,647
719034,0,718522,647,
719035,0,,,
719036,0,718523,638,
719037,0,718525,,1160
719038,0,718525,2783,
719039,0,718524,665,
719040,0,,,
719041,0,,,
719042,0,,,
719043,0,,,
719044,0,,,
719045,0,718526,1318,
719046,0,,,
719048,0,,,
719049,0,,,
719050,0,,,
719051,0,,,
719052,0,,,
719053,0,,,
719054,0,,,
719055,0,718527,,644
719056,0,718527,,644
719057,0,718526,,651
719058,0,718526,1318,
719059,0,718527,648,
719062,0,718528,2885,
719063,0,,,
719064,0,,,
719065,0,718529,3805,
719066,0,718528,,
719067,0,,,
719068,0,,,
719069,0,,,
719070,0,,,
719071,0,,,
719072,0,,,
719073,0,,,
719075,0,,,
719076,0,,,
719077,0,,,
719078,0,718537,642,
719079,0,718536,3123,
719080,0,718537,,3124
719081,0,718536,,637
719083,0,,,
719084,0,,,
719085,0,,,
719086,0,,,
719087,0,,,
719088,0,,,
719090,0,,,
719093,0,,,
719094,0,,,
719096,0,718546,,668
719097,0,718546,,3833
719098,0,718546,977,
719099,0,,,
719100,0,,,
719101,0,,,
719102,0,,,
719103,0,,,
719104,0,,,
719105,0,,,
719106,0,,,
719108,0,,,
719109,0,,,
719110,0,,,
719114,0,,,
719116,1,,,
719117,1,,,
719118,1,,,
719119,1,,,
719120,1,,,
719121,1,,,
719122,1,,,
719123,1,,,
719124,1,,,
719125,1,,,
719126,1,,,
719127,1,,,
719128,1,,,
719129,1,,,
719130,1,,,
719131,1,,,
719132,1,,,
719133,1,,,
719134,1,,,
719135,1,,,
719136,1,,,
719137,1,,,
719139,1,,,
719140,1,,,
719141,1,,,
719142,1,,,
719143,1,,,
719144,1,,,
719145,1,,,
719146,1,,,
719147,1,,,
719148,1,,,
719149,1,,,
719150,1,,,
719151,1,,,
719152,1,,,
719153,1,,,
719154,1,,,
719155,1,,,
719156,1,,,
719157,1,,,
719158,1,,,
719159,1,,,
719160,1,,,
719161,1,,,
719162,1,,,
719163,1,,,
719164,1,,,
719165,1,,,
719166,1,,,
719167,1,,,
719168,1,,,
719169,1,,,
719170,1,,,
719171,1,,,
719172,1,,,
719173,1,,,
719174,1,,,
719175,1,,,
719176,1,,,
719177,1,,,
719178,1,,,
719179,1,,,
719180,1,,,
719181,1,,,
719182,1,,,
719183,1,,,
719184,1,,,
719185,1,,,
719186,1,,,
719187,1,,,
719188,1,,,
719189,1,,,
719190,1,,,
719191,1,,,
719192,1,,,
719193,1,,,
719194,1,,,
719195,1,,,
719196,1,,,
719197,1,,,
719198,1,,,
719199,1,,,
719200,1,,,
719201,1,,,
719204,1,,,
719205,1,,,
719206,1,,,
719207,1,,,
719208,1,,,
719209,1,,,
719210,1,,,
719211,1,,,
719212,1,,,
719213,1,,,
719214,1,,,
719215,1,,,
719216,1,,,
719217,1,,,
719218,1,,,
719219,1,,,
719220,1,,,
719221,1,,,
719223,1,,,
719224,1,,,
719225,1,,,
719226,1,,,
719227,1,,,
719228,1,,,
719229,1,,,
719230,1,,,
719231,1,,,
719232,1,,,
719233,1,,,
719234,1,,,
719235,1,,,
719236,1,,,
719237,1,,,
719238,1,,,
719239,1,,,
719240,1,,,
719241,1,,,
719242,0,,,
719243,0,,,
719244,0,718427,,2854
719245,0,,,
719246,0,,,
719248,0,,,
719250,0,,,
719251,0,,,
719252,0,718426,242,
719253,0,718426,242,
719254,0,718426,128,
719255,0,718426,128,
719259,0,,,
719260,0,,,
719261,0,718429,,2854
719262,0,,,
719263,0,718428,242,
719265,0,718431,,2854
719266,0,718431,,127
719267,0,718430,242,
719268,0,718430,128,
719271,0,,,
719272,0,718433,,2886
719276,0,718435,667,
719277,0,,,
719278,0,,,
719279,0,,,
719280,0,,,
719281,0,,,
719282,0,718434,,3131
719283,0,,,
719284,0,718435,,
719285,0,718434,,668
719286,0,718434,,668
719287,0,718434,,668
719288,0,718434,,668
719289,0,718435,,642
719290,0,718435,,642
719291,0,718435,667,
719292,0,,,
719293,0,,,
719294,0,718436,,1782
719295,0,,,
719296,0,,,
719297,0,,,
719298,0,,,
719299,0,718437,,2554
719300,0,,,
719303,0,718437,208,
719305,0,718438,,210
719306,0,,,
719307,0,718438,,543
719309,0,,,
719310,0,,,
719311,0,,,
719312,0,,,
719313,0,718437,,2554
719319,0,718441,125,
719320,0,718442,,2554
719321,0,,,
719322,0,,,
719323,0,,,
719325,0,,,
719326,0,,,
719327,0,718444,,898
719328,0,,,
719329,0,718443,,3460
719330,0,718444,1248,
719331,0,,,
719332,0,,,
719334,0,718446,3131,
719335,0,718445,1309,
719336,0,718445,,114
719337,0,718446,,1307
719339,0,,,
719340,0,,,
719344,0,,,
719345,0,718448,125,
719346,0,718447,208,
719347,0,718447,,2554
719348,0,718448,,210
719349,0,,,
719350,0,,,
719354,0,718450,3512,
719356,0,718450,,3890
719357,0,,,
719358,0,,,
719360,0,,,
719361,0,,,
719363,0,718452,493,
719364,0,,,
719365,0,718451,209,
719366,0,718452,,1142
719367,0,,,
719368,0,718451,,978
719369,0,,,
719370,0,,,
719372,0,718454,1819,
719373,0,718454,1819,
719374,0,718453,1248,
719375,0,718454,,611
719378,0,,,
719381,0,718455,708,
719382,0,,,
719384,0,718456,,707
719386,0,718456,603,
719387,0,,,
719388,0,,,
719389,0,718458,,2886
719390,0,718457,,3572
719391,0,718457,2885,
719392,0,718458,3572,
719393,0,,,
719394,0,,,
719395,0,,,
719397,0,,,
719399,0,,,
719400,0,,,
719402,0,,,
719404,0,,,
719405,0,,,
719407,0,,,
719408,0,718459,,
719409,0,,,
719410,0,,,
719411,0,,,
719412,0,718462,,
719414,0,718461,1318,
719415,0,718461,1318,
719416,0,718462,,
719417,0,,,
719419,0,,,
719422,0,718464,,2953
719423,0,,,
719424,0,718463,,3002
719425,0,,,
719428,0,,,
719429,0,718466,,2953
719431,0,,,
719432,0,718466,,2953
719433,0,,,
719436,0,718468,209,
719437,0,718467,128,
719438,0,718467,,212
719439,0,718468,,127
719441,0,,,
719442,0,,,
719443,0,718469,,644
719444,0,718470,1318,
719445,0,718469,648,
719446,0,718470,,651
719447,0,,,
719449,0,718471,,668
719450,0,718472,,669
719451,0,,,
719452,0,718472,667,
719453,0,718471,670,
719454,0,,,
719456,0,,,
719457,0,,,
719459,0,718473,1306,
719460,0,718473,1306,
719461,0,718473,1141,
719462,0,718474,125,
719465,0,718473,1306,
719466,0,718474,,1174
719467,0,718474,,1174
719468,0,718473,,2554
719469,0,,,
719471,0,,,
719472,0,,,
719473,0,,,
719474,0,,,
719477,0,,,
719478,0,718475,2885,
719480,0,718475,2885,
719481,0,718475,2885,
719482,0,718476,3797,
719483,0,718475,,
719484,0,,,
719485,0,,,
719490,0,,,
719492,0,718477,708,
719493,0,,,
719494,0,718478,603,
719495,0,718478,,707
719496,0,,,
719498,0,,,
719499,0,,,
719500,0,,,
719501,0,718480,2815,
719502,0,718480,603,
719503,0,718480,,2828
719504,0,,,
719505,0,718479,,2816
719507,0,718479,711,
719508,0,,,
719509,0,,,
719510,0,718482,639,
719511,0,718481,636,
719512,0,718481,,626
719513,0,718482,,641
719515,0,,,
719516,0,,,
719517,0,718483,,240
719518,0,,,
719519,0,,,
719521,0,,,
719522,0,718484,,543
719523,0,,,
719524,0,,,
719525,0,,,
719527,0,,,
719529,0,,,
719536,0,,,
719537,0,,,
719538,0,,,
719539,0,,,
719540,0,718487,,644
719541,0,718488,1318,
719542,0,718487,648,
719543,0,718488,,651
719545,0,,,
719546,0,,,
719547,0,,,
719548,0,718490,,
719549,0,718489,,2953
719550,0,,,
719551,0,718492,,874
719552,0,,,
719553,0,,,
719560,0,718492,,
719561,0,,,
719563,0,,,
719567,0,,,
719568,0,,,
719569,0,,,
719570,0,718493,,1030
719571,0,718493,,1030
719572,0,718493,,1030
719573,0,,,
719574,0,,,
719576,0,718494,,610
719577,0,718494,,3879
719578,0,718494,,3879
719579,0,718494,,3879
719585,0,,,
719586,0,,,
719587,0,718497,,820
719588,0,,,
719589,0,718499,3805,
719590,0,718498,2885,
719592,0,,,
719595,0,,,
719596,0,718498,,
719597,0,718500,,624
719600,0,,,
719603,0,,,
719610,0,,,
719611,0,718501,625,
719613,0,718501,625,
719614,0,718500,779,
719616,0,718501,,780
719620,0,718503,,707
719621,0,,,
719622,0,718502,708,
719623,0,718503,603,
719626,0,,,
719628,0,,,
719630,0,718505,,651
719632,0,718504,648,
719635,0,718505,1318,
719636,0,718504,,644
719638,0,718504,,644
719640,0,718507,629,
719641,0,718506,2235,
719643,0,,,
719644,0,718506,,3895
719645,0,718507,,3899
719648,0,,,
719649,0,,,
719650,0,,,
719651,0,,,
719652,0,,,
719653,0,718509,,1267
719654,0,718509,,3124
719655,0,,,
719657,0,,,
719658,0,718511,,646
719659,0,718510,,647
719661,0,,,
719662,0,,,
719671,0,,,
719672,0,,,
719673,0,,,
719675,0,718514,648,
719676,0,,,
719677,0,,,
719680,0,718515,,651
719681,0,,,
719685,0,,,
719687,0,,,
719688,0,,,
719689,0,,,
719690,0,718517,638,
719691,0,,,
719692,0,718516,647,
719694,0,718516,,647
719695,0,,,
719696,0,,,
719697,0,,,
719698,0,718519,1306,
719699,0,,,
719700,0,718519,,2886
719701,0,,,
719702,0,718518,,1174
719704,0,,,
719705,0,718518,2885,
719706,0,718521,1306,
719707,0,718521,,2886
719708,0,,,
719710,0,718520,2885,
719711,0,718523,,646
719713,0,718522,,647
719714,0,718522,647,
719715,0,,,
719716,0,718523,638,
719720,0,,,
719721,0,,,
719722,0,,,
719735,0,718527,,644
719736,0,718527,,644
719737,0,718526,,651
719739,0,718527,648,
719740,0,,,
719741,0,,,
719743,0,,,
719747,0,,,
719748,0,,,
719749,0,,,
719750,0,,,
719751,0,,,
719753,0,,,
719754,0,,,
719755,0,,,
719756,0,,,
719757,0,,,
719758,0,718537,642,
719759,0,718536,3123,
719760,0,718537,,3124
719761,0,718536,,637
719762,0,,,
719763,0,,,
719766,0,,,
719767,0,,,
719769,0,,,
719770,0,,,
719771,0,,,
719772,0,,,
719774,0,,,
719776,0,718546,,668
719777,0,718546,,3833
719778,0,718546,977,
719779,0,,,
719783,0,,,
719784,0,,,
719786,0,,,
719787,0,,,
719789,0,,,
719790,0,,,
719791,1,,,
719792,1,,,
719793,1,,,
719794,1,,,
719795,1,,,
719796,1,,,
719797,1,,,
719798,1,,,
719799,1,,,
719800,1,,,
719801,1,,,
719802,1,,,
719803,1,,,
719805,1,,,
719806,1,,,
719807,0,,,
719808,0,,,
719809,0,,,
719810,0,,,
719812,0,,,
719814,0,,,
719815,0,,,
719817,0,,,
719818,0,,,
719819,0,,,
719820,0,,,
719821,0,,,
719823,0,,,
719824,0,,,
719825,0,,,
719827,0,,,
719828,0,,,
719829,0,,,
719830,0,,,
719831,0,,,
719832,0,,,
719833,0,,,
719834,0,,,
719836,0,,,
719837,0,,,
719838,0,,,
719839,0,,,
719840,0,,,
719841,0,,,
719842,0,,,
719843,0,,,
719844,0,,,
719845,0,,,
719846,0,,,
719847,0,,,
719848,0,,,
719849,0,,,
719850,0,,,
719852,0,,,
719853,0,,,
719855,0,,,
719856,0,,,
719857,0,,,
719858,0,,,
719859,0,,,
719862,0,,,
719863,0,,,
719864,0,,,
719865,0,,,
719867,0,,,
719868,0,,,
719869,0,,,
719870,0,,,
719871,0,,,
719872,0,,,
719873,0,,,
719874,0,,,
719875,0,,,
719876,0,,,
719877,0,,,
719878,0,,,
719879,0,,,
719880,0,,,
719881,0,,,
719882,0,,,
719883,0,,,
719884,0,,,
719886,0,,,
719888,0,,,
719889,0,,,
719894,0,,,
719895,0,,,
719896,0,,,
719897,1,,,
719898,1,,,
719899,1,,,
719900,1,,,
719901,1,,,
719902,1,,,
719903,1,,,
719904,1,,,
719905,1,,,
719906,1,,,
719907,1,,,
719910,1,,,
719911,0,,,
719912,0,,,
719916,0,,,
719917,0,,,
719921,0,,,
719922,0,,,
719924,0,,,
719926,0,,,
719930,0,,,
719934,0,,,
719936,0,,,
719937,0,,,
719940,0,,,
719957,0,,,
719958,0,,,
719959,0,,,
719960,0,,,
719964,0,,,
719965,0,,,
719967,0,,,
719970,0,,,
719974,0,,,
719976,0,,,
719978,0,,,
719985,0,,,
719986,0,,,
719989,0,,,
719991,0,,,
719992,0,,,
719993,0,,,
719994,0,,,
719996,1,,,
719997,1,,,
719998,1,,,
719999,1,,,
720000,1,,,
720001,1,,,
720002,1,,,
720003,1,,,
720004,1,,,
720005,1,,,
720006,1,,,
720007,1,,,
720008,1,,,
720009,1,,,
720010,1,,,
720011,1,,,
720012,0,,,
720013,0,,,
720015,0,,,
720016,0,,,
720017,0,,,
720018,0,,,
720019,0,,,
720021,0,,,
720022,0,,,
720024,0,,,
720025,0,,,
720027,0,,,
720028,0,,,
720029,0,,,
720030,0,,,
720032,0,,,
720033,0,,,
720034,0,,,
720035,0,,,
720037,0,,,
720038,0,,,
720039,0,,,
720041,0,,,
720042,0,,,
720043,0,,,
720045,0,,,
720046,0,,,
720047,0,,,
720048,0,,,
720049,0,,,
720050,0,,,
720051,0,,,
720052,0,,,
720053,0,,,
720055,0,,,
720056,0,,,
720060,0,,,
720061,0,,,
720062,1,,,
720063,1,,,
720064,1,,,
720065,1,,,
720066,1,,,
720067,1,,,
720068,1,,,
720069,1,,,
720070,1,,,
720072,1,,,
720073,1,,,
720074,1,,,
720076,0,,,
720077,0,,,
720078,0,,,
720079,0,,,
720081,0,,,
720082,0,,,
720085,0,,,
720087,0,,,
720088,0,,,
720089,0,,,
720090,0,,,
720095,0,,,
720096,0,,,
720101,0,,,
720104,0,,,
720105,0,,,
720106,0,,,
720107,0,,,
720112,0,,,
720115,0,,,
720116,0,,,
720117,0,,,
720119,0,,,
720120,0,,,
720122,0,,,
720124,1,,,
720125,1,,,
720126,0,720125,,1233
720127,0,720124,925,
720128,1,,,
720129,1,,,
720130,0,720125,,1233
720131,0,720124,925,
720132,1,,,
720133,1,,,
720134,1,,,
720135,1,,,
720136,1,,,
720137,1,,,
720138,1,,,
720139,1,,,
720140,1,,,
720141,1,,,
720142,1,,,
720143,1,,,
720144,1,,,
720145,1,,,
720146,1,,,
720147,1,,,
720148,1,,,
720149,1,,,
720150,1,,,
720151,1,,,
720152,1,,,
720153,1,,,
720154,1,,,
720155,1,,,
720156,1,,,
720157,1,,,
720158,1,,,
720159,1,,,
720160,1,,,
720161,1,,,
720162,1,,,
720163,1,,,
720164,1,,,
720165,1,,,
720166,1,,,
720167,1,,,
720168,1,,,
720169,1,,,
720170,1,,,
720171,1,,,
720172,1,,,
720173,1,,,
720175,0,,,
720178,0,,,
720180,0,,,
720181,0,720132,3523,
720182,0,720132,1605,
720183,0,720132,,1869
720184,0,720133,2033,
720185,0,,,
720187,0,720134,,1618
720188,0,720134,,1709
720194,0,720135,,1478
720195,0,720135,,1343
720197,0,,,
720198,0,720136,2555,
720199,0,720136,1479,
720200,0,,,
720203,0,,,
720207,0,,,
720209,0,720138,1414,
720210,0,720137,1479,
720212,0,,,
720216,0,720138,,1478
720217,0,,,
720218,0,,,
720219,0,,,
720220,0,,,
720221,0,,,
720222,0,,,
720223,0,720137,,
720224,0,720137,,
720226,0,720140,,1594
720228,0,720140,1479,
720229,0,,,
720230,0,720139,,
720233,0,,,
720235,0,720139,,1478
720236,0,,,
720239,0,720140,,3905
720240,0,,,
720241,0,,,
720242,0,,,
720243,0,,,
720244,0,,,
720247,0,,,
720248,0,,,
720251,0,720142,,1527
720253,0,,,
720255,0,,,
720256,0,,,
720257,0,720142,,
720258,0,,,
720263,0,720143,,1542
720264,0,720144,4041,
720265,0,720143,,1412
720266,0,720144,1411,
720267,0,720143,1482,
720268,0,720144,,1483
720269,0,,,
720270,0,720144,,1410
720271,0,,,
720272,0,720145,,1527
720273,0,720145,1623,
720278,0,,,
720281,0,720146,,1396
720283,0,720148,,2818
720284,0,,,
720285,0,720147,1680,
720286,0,720147,,1680
720287,0,720148,1868,
720289,0,720147,1496,
720291,0,720148,,1497
720293,0,720150,,2818
720294,0,,,
720296,0,720150,1564,
720297,0,720149,,1709
720298,0,,,
720299,0,720149,1496,
720301,0,720150,2033,
720302,0,,,
720305,0,,,
720306,0,720150,,1497
720308,0,,,
720310,0,,,
720314,0,720151,,1396
720315,0,,,
720322,0,,,
720323,0,,,
720324,0,720152,1470,
720325,0,,,
720326,0,720153,2959,
720328,0,720153,1609,
720330,0,720152,,1610
720333,0,,,
720334,0,720154,1581,
720335,0,720155,,1547
720336,0,720155,,1637
720338,0,720154,1636,
720339,0,720154,1548,
720340,0,720154,1548,
720343,0,720154,1636,
720344,0,720155,1419,
720345,0,720155,1616,
720347,0,720154,,1420
720349,0,,,
720351,0,720156,1636,
720352,0,720156,1581,
720354,0,720157,1609,
720356,0,720156,,1610
720357,0,720156,,1420
720358,0,720157,,1637
720360,0,720156,1636,
720362,0,720158,1419,
720363,0,720158,,2819
720364,0,720159,,3521
720365,0,720159,1411,
720367,0,720158,,1412
720368,0,720158,2959,
720369,0,720160,,2818
720370,0,720161,,3903
720371,0,720161,,2817
720372,0,,,
720373,0,720160,1564,
720374,0,720160,1633,
720375,0,720160,,3905
720378,0,720161,1614,
720381,0,,,
720382,0,720161,1414,
720385,0,720161,,1580
720387,0,,,
720389,0,,,
720392,0,,,
720393,0,720163,,3545
720395,0,720162,1457,
720397,0,720163,1623,
720401,0,,,
720402,0,720162,,1396
720403,0,720163,,1454
720404,0,720165,,1637
720405,0,,,
720406,0,720165,,1454
720407,0,,,
720408,0,720165,1418,
720409,0,720164,1636,
720410,0,720164,1636,
720411,0,720164,1636,
720412,0,,,
720414,0,720164,,1527
720415,0,720164,,1417
720416,0,720165,1528,
720419,0,720164,1581,
720420,0,,,
720421,0,,,
720422,0,720165,1528,
720423,0,720165,,1637
720424,0,,,
720425,0,720164,,1527
720427,0,720167,1541,
720428,0,720166,,2819
720430,0,720167,,2820
720431,0,720166,1397,
720433,0,720169,,2820
720434,0,720168,,2819
720435,0,720168,1397,
720436,0,720169,1541,
720437,0,,,
720438,0,,,
720439,0,720171,1411,
720440,0,720170,3523,
720441,0,720170,1409,
720443,0,720171,,2820
720444,0,720170,,1412
720447,0,,,
720448,0,,,
720449,0,720173,,1637
720450,0,720172,,1420
720452,0,720172,,1420
720453,0,720172,,1420
720454,0,,,
720455,0,720173,,1637
720456,0,720173,1419,
720457,0,720173,1419,
720458,0,720172,1636,
720459,0,,,
720460,0,720172,1617,
720461,0,,,
720462,0,,,
720463,0,,,
720464,0,720173,1419,
720465,1,,,
720466,1,,,
720467,1,,,
720468,1,,,
720469,1,,,
720470,1,,,
720471,1,,,
720472,1,,,
720473,1,,,
720474,1,,,
720475,1,,,
720476,1,,,
720477,1,,,
720478,1,,,
720479,1,,,
720480,1,,,
720481,1,,,
720482,1,,,
720483,1,,,
720484,1,,,
720485,1,,,
720486,1,,,
720487,1,,,
720488,1,,,
720489,1,,,
720490,1,,,
720491,1,,,
720492,1,,,
720493,1,,,
720494,1,,,
720495,1,,,
720496,1,,,
720497,1,,,
720498,1,,,
720499,1,,,
720500,1,,,
720501,1,,,
720502,1,,,
720503,1,,,
720504,1,,,
720505,1,,,
720506,1,,,
720507,0,,,
720509,0,,,
720513,0,,,
720516,0,720132,,1869
720517,0,720133,2033,
720520,0,720134,,1618
720521,0,720134,,1709
720523,0,720133,2555,
720526,0,,,
720527,0,720135,,1478
720528,0,720135,,1343
720529,0,,,
720531,0,720136,2555,
720535,0,,,
720539,0,720135,1593,
720540,0,,,
720542,0,720138,1414,
720543,0,720137,1479,
720545,0,,,
720549,0,720138,,1478
720550,0,,,
720551,0,,,
720554,0,,,
720556,0,720137,,
720557,0,720137,,
720561,0,720140,1479,
720563,0,720139,,
720564,0,720139,,
720566,0,,,
720567,0,,,
720568,0,720139,,1478
720569,0,,,
720573,0,,,
720584,0,720142,,1527
720588,0,,,
720590,0,720142,,
720596,0,720143,,1542
720598,0,720143,,1412
720599,0,720144,1411,
720600,0,720143,1482,
720601,0,720144,,1483
720602,0,,,
720603,0,720144,,1410
720605,0,720145,,1527
720606,0,720145,1623,
720610,0,,,
720611,0,,,
720614,0,720146,,1396
720615,0,720148,1564,
720616,0,720148,,2818
720617,0,,,
720618,0,720147,1680,
720619,0,720147,,1680
720620,0,720148,1868,
720621,0,,,
720622,0,720147,1496,
720624,0,720148,,1497
720625,0,720147,3772,
720627,0,,,
720634,0,720150,2033,
720637,0,,,
720639,0,720150,,1497
720640,0,720149,3772,
720643,0,,,
720647,0,720151,,1396
720648,0,,,
720650,0,,,
720652,0,720152,2820,
720655,0,,,
720658,0,,,
720659,0,720153,2959,
720661,0,720153,1609,
720663,0,720152,,1610
720666,0,,,
720668,0,720155,,1547
720670,0,,,
720671,0,720154,1636,
720672,0,720154,1548,
720674,0,720154,1548,
720677,0,720155,1419,
720678,0,720155,1616,
720680,0,720154,,1420
720682,0,,,
720684,0,720156,1636,
720687,0,720157,1609,
720688,0,720157,,1637
720689,0,720156,,1610
720691,0,720157,,1637
720693,0,720156,1636,
720696,0,720158,,2819
720697,0,720159,,3521
720698,0,720159,1411,
720699,0,720159,2820,
720700,0,720158,,1412
720701,0,720158,2959,
720704,0,720161,,2817
720705,0,,,
720706,0,720160,1564,
720707,0,720160,1633,
720708,0,720160,,3905
720710,0,720160,1581,
720712,0,720161,1614,
720714,0,,,
720715,0,720161,1414,
720722,0,,,
720725,0,,,
720726,0,720163,,3545
720728,0,720162,1457,
720730,0,720163,1623,
720733,0,,,
720735,0,720162,,1396
720737,0,720165,,1637
720738,0,,,
720740,0,,,
720742,0,720164,1636,
720747,0,720164,,1527
720749,0,720165,1528,
720750,0,,,
720755,0,720165,1528,
720758,0,720164,,1527
720760,0,720167,1541,
720761,0,720166,,2819
720762,0,,,
720763,0,720167,,2820
720764,0,720166,1397,
720765,0,,,
720766,0,720169,,2820
720767,0,720168,,2819
720768,0,720168,1397,
720769,0,720169,1541,
720770,0,,,
720772,0,720171,1411,
720773,0,720170,3523,
720774,0,720170,1409,
720776,0,720171,,2820
720777,0,720170,,1412
720778,0,,,
720779,0,,,
720783,0,720172,,1420
720788,0,720173,,1637
720789,0,720173,1419,
720791,0,720172,1636,
